key,date,stock_id,name,market,open,high,low,close,volume,amount,change,limit,shares,transactions,price_basis,last_price
2016-02-17_0050,2016-02-17,0050,元大台灣50,twse,60.40,60.50,59.95,59.95,12473522,750453287,-0.3,,1382500000,3478,,
2016-02-17_0051,2016-02-17,0051,元大中型100,twse,24.14,24.27,24.14,24.27,40000,968330,0.17,,18500000,22,,
2016-02-17_0052,2016-02-17,0052,富邦科技,twse,38.30,38.55,38.30,38.55,3000,115150,0.37,,8000000,3,,
2016-02-17_0053,2016-02-17,0053,元大電子,twse,26.07,26.08,26.00,26.01,14000,364510,0.1,,15488000,14,,
2016-02-17_0054,2016-02-17,0054,元大台商50,twse,19.76,19.84,19.76,19.84,4000,79140,0.13,,19124000,4,,
2016-02-17_0055,2016-02-17,0055,元大MSCI金融,twse,12.05,12.05,11.92,11.97,647000,7745910,-0.08,,88154000,98,,
2016-02-17_0056,2016-02-17,0056,元大高股息,twse,21.80,22.00,21.80,21.84,4152686,90990042,0.08,,391034000,1260,,
2016-02-17_0057,2016-02-17,0057,富邦摩台,twse,37.25,37.25,37.19,37.19,8000,297940,0.14,,8527000,4,,
2016-02-17_0058,2016-02-17,0058,富邦發達,twse,34.73,34.73,34.70,34.70,3000,104160,0.11,,5196000,2,,
2016-02-17_0059,2016-02-17,0059,富邦金融,twse,28.31,28.31,28.00,28.00,4000,112750,-0.46,,6973000,3,,
2016-02-17_0060,2016-02-17,0060,新台灣,twse,26.79,26.84,26.79,26.84,8000,214570,-0.08,,1153000,8,,
2016-02-17_0061,2016-02-17,0061,元大寶滬深,twse,15.67,15.68,15.44,15.51,7903493,122764193,-0.09,,744616000,1822,,
2016-02-17_006201,2016-02-17,006201,寶富櫃,tpex,11.02,11.11,11.02,11.10,10000,110950,0.13,,28946000,8,,
2016-02-17_006203,2016-02-17,006203,元大MSCI台灣,twse,28.40,28.40,28.40,28.40,1000,28400,0.17,up,9218000,1,,
2016-02-17_006204,2016-02-17,006204,永豐臺灣加權,twse,,,,,0,0,0.0,,6000000,0,無成交,
2016-02-17_006205,2016-02-17,006205,富邦上証,twse,26.73,26.81,26.17,26.50,13337665,354238824,-0.28,,477772000,3964,,
2016-02-17_006206,2016-02-17,006206,元大上證50,twse,25.18,25.20,24.71,25.00,5494000,137165080,0.0,,161778000,3215,,
2016-02-17_006207,2016-02-17,006207,復華滬深,twse,20.19,20.31,19.78,20.04,2605450,52258744,-0.08,,206392000,778,,
2016-02-17_006208,2016-02-17,006208,富邦台50,twse,34.25,34.25,34.25,34.25,1000,34250,0.29,up,4040000,1,,
2016-02-17_00631L,2016-02-17,00631L,元大台灣50正2,twse,17.80,17.81,17.55,17.61,7013869,123797430,-0.14,,111584000,1304,,
2016-02-17_00632R,2016-02-17,00632R,元大台灣50反1,twse,19.80,19.94,19.78,19.94,44342831,881296489,0.06,,767149000,5219,,
2016-02-17_00633L,2016-02-17,00633L,富邦上証正2,twse,26.26,26.59,25.60,26.04,90370350,2364214216,-0.22,,956958000,14506,,
2016-02-17_00634R,2016-02-17,00634R,富邦上証反1,twse,11.54,11.72,11.52,11.60,6309000,73264410,0.06,,146256000,673,,
2016-02-17_00635U,2016-02-17,00635U,期元大S&P黃金,twse,19.96,20.20,19.96,20.14,2734109,54832177,0.27,,36014000,569,,
2016-02-17_00636,2016-02-17,00636,國泰中國A50,twse,15.62,15.62,15.36,15.50,6487000,100735250,-0.03,,204946000,462,,
2016-02-17_00637L,2016-02-17,00637L,元大滬深300正2,twse,9.79,9.86,9.52,9.71,138565200,1346759805,-0.03,,1996106000,11275,,
2016-02-17_00638R,2016-02-17,00638R,元大滬深300反1,twse,21.45,21.69,21.30,21.43,2791000,59917520,0.1,,32448000,264,,
2016-02-17_00639,2016-02-17,00639,富邦深100,twse,9.94,9.95,9.76,9.89,3643210,35915886,0.0,,212903000,925,,
2016-02-17_00640L,2016-02-17,00640L,富邦日本正2,twse,13.98,13.99,13.06,13.16,29067000,391191520,-0.79,,72419000,5647,,
2016-02-17_00641R,2016-02-17,00641R,富邦日本反1,twse,21.85,22.57,21.85,22.50,6230000,138938190,0.69,,43258000,834,,
2016-02-17_00642U,2016-02-17,00642U,期元大S&P石油,twse,15.00,15.09,14.82,15.05,71452477,1069729893,-0.41,,597821000,13189,,
2016-02-17_00643,2016-02-17,00643,群益深証中小,twse,15.47,15.50,15.19,15.37,3533000,54275370,0.02,,150200000,474,,
2016-02-17_00645,2016-02-17,00645,富邦日本,twse,16.64,16.64,16.12,16.18,1547000,25342900,-0.43,,35997000,173,,
2016-02-17_00646,2016-02-17,00646,元大S&P500,twse,18.75,18.75,18.64,18.65,701250,13105754,-0.01,,70485000,107,,
2016-02-17_00647L,2016-02-17,00647L,元大S&P500正2,twse,17.20,17.23,17.05,17.07,1608000,27594190,-0.11,,24416000,154,,
2016-02-17_00648R,2016-02-17,00648R,元大S&P500反1,twse,21.52,21.78,21.52,21.78,1921000,41706710,0.16,,41688000,206,,
2016-02-17_00649,2016-02-17,00649,FH香港,twse,14.65,14.71,14.50,14.51,1169000,17090580,-0.12,,93272000,67,,
2016-02-17_00650L,2016-02-17,00650L,復華香港正2,twse,14.80,14.95,14.47,14.48,3256000,48136360,-0.31,,33838000,225,,
2016-02-17_00651R,2016-02-17,00651R,復華香港反1,twse,15.05,15.14,14.85,15.13,2508000,37644230,0.18,,49692000,166,,
2016-02-17_008201,2016-02-17,008201,BP上證50,twse,74.90,75.30,74.50,74.50,4700,351920,0.5,,3549100,30,,
2016-02-17_01001T,2016-02-17,01001T,土銀富邦R1,twse,,,,,0,0,0.0,,,0,無成交,
2016-02-17_01002T,2016-02-17,01002T,土銀國泰R1,twse,16.99,16.99,16.97,16.97,24000,407740,0.0,,,6,,
2016-02-17_01003T,2016-02-17,01003T,兆豐新光R1,twse,14.16,14.16,14.15,14.15,491000,6947750,-0.07,,,11,,
2016-02-17_01004T,2016-02-17,01004T,土銀富邦R2,twse,12.55,12.75,12.52,12.69,49000,617740,0.11,,,7,,
2016-02-17_01007T,2016-02-17,01007T,兆豐國泰R2,twse,,,,,0,0,0.0,,,0,無成交,
2016-02-17_1101,2016-02-17,1101,台泥,twse,28.30,28.30,27.65,28.15,5705677,160108786,-0.1,,3692175869,2268,,
2016-02-17_1102,2016-02-17,1102,亞泥,twse,26.90,27.00,26.50,27.00,2428908,65013166,0.2,,3361447198,1396,,
2016-02-17_1103,2016-02-17,1103,嘉泥,twse,9.26,9.26,9.13,9.23,114753,1053923,-0.03,,774780548,67,,
2016-02-17_1104,2016-02-17,1104,環泥,twse,21.00,21.15,20.85,21.05,214440,4515314,0.2,,628289140,131,,
2016-02-17_1108,2016-02-17,1108,幸福,twse,9.76,9.78,9.73,9.75,112224,1094069,-0.01,,404738049,57,,
2016-02-17_1109,2016-02-17,1109,信大,twse,10.00,10.00,9.90,10.00,21000,208440,0.04,,378900684,13,,
2016-02-17_1110,2016-02-17,1110,東泥,twse,14.50,14.70,14.50,14.60,30183,440403,-0.05,,572000797,17,,
2016-02-17_1201,2016-02-17,1201,味全,twse,18.10,18.10,17.85,17.85,268365,4814839,-0.25,,506062914,152,,
2016-02-17_1203,2016-02-17,1203,味王,twse,22.55,22.55,22.50,22.50,7532,169510,0.0,,240000000,24,,
2016-02-17_1210,2016-02-17,1210,大成,twse,20.05,20.05,19.90,19.90,550224,10990187,-0.1,,736394380,410,,
2016-02-17_1213,2016-02-17,1213,大飲,twse,15.40,15.40,15.10,15.20,17002,259030,-0.25,,51475116,15,,
2016-02-17_1215,2016-02-17,1215,卜蜂,twse,22.35,22.35,21.95,22.05,589601,13044577,-0.25,,267990998,348,,
2016-02-17_1216,2016-02-17,1216,統一,twse,56.60,56.70,55.80,56.10,11664267,655442704,-0.4,,5682015421,5227,,
2016-02-17_1217,2016-02-17,1217,愛之味,twse,8.32,8.32,8.15,8.19,2051020,16790540,-0.13,,487205257,637,,
2016-02-17_1218,2016-02-17,1218,泰山,twse,12.15,12.15,12.05,12.15,172956,2089972,0.0,,353336038,69,,
2016-02-17_1219,2016-02-17,1219,福壽,twse,14.45,14.60,14.40,14.50,202947,2931736,0.05,,318825631,39,,
2016-02-17_1220,2016-02-17,1220,台榮,twse,10.55,10.55,10.40,10.55,14002,147220,0.0,,177077944,15,,
2016-02-17_1225,2016-02-17,1225,福懋油,twse,26.95,27.10,26.35,26.65,229426,6197687,-0.2,,218703051,30,,
2016-02-17_1227,2016-02-17,1227,佳格,twse,82.20,82.40,81.00,82.00,800402,65584872,-0.2,,792697151,593,,
2016-02-17_1229,2016-02-17,1229,聯華,twse,18.90,18.95,18.80,18.85,254232,4788881,-0.05,,888719825,141,,
2016-02-17_1231,2016-02-17,1231,聯華食,twse,28.70,28.70,28.35,28.60,60240,1713538,-0.1,,148113122,52,,
2016-02-17_1232,2016-02-17,1232,大統益,twse,74.10,74.30,74.00,74.30,68552,5079796,0.3,,159974915,48,,
2016-02-17_1233,2016-02-17,1233,天仁,twse,36.70,36.85,36.50,36.60,10287,376852,-0.1,,90591948,15,,
2016-02-17_1234,2016-02-17,1234,黑松,twse,33.75,33.80,33.70,33.75,57250,1932470,0.05,,401871094,47,,
2016-02-17_1235,2016-02-17,1235,興泰,twse,19.80,19.80,19.30,19.60,50354,982617,-0.2,,60662337,32,,
2016-02-17_1236,2016-02-17,1236,宏亞,twse,20.80,21.65,20.80,21.65,4149,87270,0.85,,108342510,13,,
2016-02-17_1256,2016-02-17,1256,F-鮮活,tpex,123.50,123.50,122.00,123.50,4000,491500,0.00,,27165600,4,,
2016-02-17_1258,2016-02-17,1258,F-其祥,tpex,45.00,45.40,43.25,43.30,893000,39676400,0.05,,34605658,531,,
2016-02-17_1259,2016-02-17,1259,安心,tpex,72.60,72.60,71.60,71.90,21000,1512900,-0.10,,32389500,14,,
2016-02-17_1262,2016-02-17,1262,綠悅-KY,twse,117.00,117.00,114.50,114.50,126200,14561400,-2.5,,148500000,105,,
2016-02-17_1264,2016-02-17,1264,德麥,tpex,186.50,186.50,183.00,186.00,64000,11873000,-0.50,,30632700,58,,
2016-02-17_1301,2016-02-17,1301,台塑,twse,76.50,76.80,75.90,76.80,3889555,297078746,0.4,,6365740781,1886,,
2016-02-17_1303,2016-02-17,1303,南亞,twse,60.30,60.60,59.60,60.30,4842896,291961631,0.3,,7930821589,3138,,
2016-02-17_1304,2016-02-17,1304,台聚,twse,13.30,13.30,13.05,13.05,1312462,17249456,-0.3,,1142602365,424,,
2016-02-17_1305,2016-02-17,1305,華夏,twse,14.10,14.15,13.85,14.00,2039540,28529196,-0.15,,468303408,800,,
2016-02-17_1307,2016-02-17,1307,三芳,twse,36.40,38.40,36.15,37.00,1034873,38665601,1.0,,386231190,739,,
2016-02-17_1308,2016-02-17,1308,亞聚,twse,18.45,18.45,18.20,18.30,376722,6881354,-0.15,,493160781,222,,
2016-02-17_1309,2016-02-17,1309,台達化,twse,7.50,7.50,7.39,7.45,154632,1150802,0.02,,327651855,91,,
2016-02-17_1310,2016-02-17,1310,台苯,twse,19.25,19.25,17.75,17.80,15408907,280269696,-1.35,,527869764,4527,,
2016-02-17_1312,2016-02-17,1312,國喬,twse,16.50,16.55,16.05,16.40,10775080,176712949,0.0,,926620328,3554,,
2016-02-17_1312A,2016-02-17,1312A,國喬特,twse,21.85,22.20,21.85,22.20,7000,154950,0.0,,20000000,4,,
2016-02-17_1313,2016-02-17,1313,聯成,twse,8.74,8.74,8.60,8.62,393573,3399916,-0.09,,1171236575,193,,
2016-02-17_1314,2016-02-17,1314,中石化,twse,8.10,8.10,7.92,7.95,3114868,24864519,-0.06,,2319989666,896,,
2016-02-17_1315,2016-02-17,1315,達新,twse,23.00,23.00,22.90,22.95,24102,552611,-0.1,,198000000,9,,
2016-02-17_1316,2016-02-17,1316,上曜,twse,9.90,9.90,9.80,9.90,59000,580210,-0.1,,169907902,21,,
2016-02-17_1319,2016-02-17,1319,東陽,twse,46.00,46.30,44.85,46.20,6397056,292502769,0.8,,591477068,3572,,
2016-02-17_1321,2016-02-17,1321,大洋,twse,24.75,24.90,24.55,24.80,26000,644500,0.1,,227228268,23,,
2016-02-17_1323,2016-02-17,1323,永裕,twse,25.00,25.35,24.85,25.15,137366,3447608,0.35,,91274554,106,,
2016-02-17_1324,2016-02-17,1324,地球,twse,11.00,11.10,10.95,11.10,18004,197794,0.0,,75121882,11,,
2016-02-17_1325,2016-02-17,1325,恆大,twse,20.85,20.95,20.80,20.95,81648,1706678,0.0,,100330821,39,,
2016-02-17_1326,2016-02-17,1326,台化,twse,71.70,72.20,71.30,71.50,1983971,142170627,-0.1,,5861186291,1367,,
2016-02-17_1333,2016-02-17,1333,恩得利,tpex,4.88,4.88,4.74,4.83,107000,510640,-0.02,,102525625,51,,
2016-02-17_1336,2016-02-17,1336,台翰,tpex,7.76,7.82,7.66,7.82,16000,124430,0.04,,62753230,14,,
2016-02-17_1337,2016-02-17,1337,再生-KY,twse,18.30,19.50,18.15,18.85,5364219,101125297,0.7,,259588398,2181,,
2016-02-17_1338,2016-02-17,1338,廣華-KY,twse,122.50,125.00,121.00,123.00,2030401,250333323,1.5,,83840000,1458,,
2016-02-17_1339,2016-02-17,1339,昭輝,twse,56.70,59.20,56.30,57.70,1090300,63401529,1.6,,74138875,781,,
2016-02-17_1340,2016-02-17,1340,勝悅-KY,twse,67.70,67.70,66.20,66.70,310130,20721058,-0.3,,114893203,234,,
2016-02-17_1402,2016-02-17,1402,遠東新,twse,25.00,25.00,24.60,24.70,7911734,195584518,-0.35,,5352875227,2659,,
2016-02-17_1409,2016-02-17,1409,新纖,twse,9.20,9.20,9.00,9.03,667925,6036595,-0.12,,1618409291,396,,
2016-02-17_1410,2016-02-17,1410,南染,twse,23.60,23.60,23.60,23.60,1954,45920,-0.25,down,72000000,13,,
2016-02-17_1413,2016-02-17,1413,宏洲,twse,7.14,7.14,7.10,7.11,21612,153943,-0.04,,132112454,13,,
2016-02-17_1414,2016-02-17,1414,東和,twse,6.36,6.40,6.31,6.31,144021,916799,-0.06,,220000000,39,,
2016-02-17_1416,2016-02-17,1416,廣豐,twse,17.85,18.00,17.60,17.95,173611,3096448,0.1,,264020182,98,,
2016-02-17_1417,2016-02-17,1417,嘉裕,twse,5.10,5.10,5.04,5.06,470505,2379779,0.02,,379883680,133,,
2016-02-17_1418,2016-02-17,1418,東華,twse,5.30,5.30,5.30,5.30,7075,37481,0.0,flat,131927630,12,,
2016-02-17_1419,2016-02-17,1419,新紡,twse,34.70,36.95,34.70,35.95,75001,2666985,0.7,,300041280,36,,
2016-02-17_1423,2016-02-17,1423,利華,twse,6.68,6.68,6.64,6.65,113685,757213,0.0,,173000000,25,,
2016-02-17_1432,2016-02-17,1432,大魯閣,twse,20.60,20.90,20.60,20.75,73022,1518303,0.15,,166283443,52,,
2016-02-17_1434,2016-02-17,1434,福懋,twse,29.85,30.15,29.80,30.15,402433,12074440,0.3,,1684664637,260,,
2016-02-17_1435,2016-02-17,1435,中福,twse,4.62,4.70,4.62,4.70,6009,27886,-0.01,,139780080,13,,
2016-02-17_1436,2016-02-17,1436,華友聯,twse,40.00,40.30,40.00,40.30,10011,401034,0.3,,69000000,6,,
2016-02-17_1437,2016-02-17,1437,勤益控,twse,11.90,11.90,11.65,11.90,350785,4127912,0.0,,200189937,76,,
2016-02-17_1438,2016-02-17,1438,三地開發,twse,4.52,4.52,4.23,4.23,85083,383125,0.07,,102411518,13,,
2016-02-17_1439,2016-02-17,1439,雋揚,twse,13.20,13.30,13.20,13.30,5949,78067,-0.05,,92000000,7,,
2016-02-17_1440,2016-02-17,1440,南紡,twse,13.80,13.95,13.80,13.95,674151,9355144,0.05,,1656815857,283,,
2016-02-17_1441,2016-02-17,1441,大東,twse,6.86,6.88,6.84,6.87,62008,425128,0.01,,89799066,25,,
2016-02-17_1442,2016-02-17,1442,名軒,twse,16.90,16.95,16.75,16.75,43082,727394,-0.15,,225263590,19,,
2016-02-17_1443,2016-02-17,1443,立益物流,twse,5.01,5.12,5.01,5.10,36000,182890,0.1,,135343011,12,,
2016-02-17_1444,2016-02-17,1444,力麗,twse,9.19,9.19,9.08,9.09,399052,3641020,-0.03,,957302942,158,,
2016-02-17_1445,2016-02-17,1445,大宇,twse,9.01,9.09,8.88,9.04,103008,929942,0.03,,138667034,52,,
2016-02-17_1446,2016-02-17,1446,宏和,twse,19.20,19.25,19.20,19.25,22073,423944,0.1,,137709513,10,,
2016-02-17_1447,2016-02-17,1447,力鵬,twse,8.04,8.04,7.97,7.98,330755,2644405,0.02,,914487242,160,,
2016-02-17_1449,2016-02-17,1449,佳和,twse,5.69,5.69,5.50,5.54,60384,333070,-0.15,,120000000,22,,
2016-02-17_1451,2016-02-17,1451,年興,twse,22.60,22.75,22.55,22.60,129325,2925995,0.0,,400000000,87,,
2016-02-17_1452,2016-02-17,1452,宏益,twse,22.45,23.60,22.20,23.10,5592445,129367085,0.9,,132641400,2584,,
2016-02-17_1453,2016-02-17,1453,大將,twse,7.65,7.70,7.56,7.56,38000,290120,-0.14,,87916344,22,,
2016-02-17_1454,2016-02-17,1454,台富,twse,8.68,8.71,8.59,8.60,291194,2519672,-0.05,,140309848,84,,
2016-02-17_1455,2016-02-17,1455,集盛,twse,8.65,8.73,8.54,8.54,2110477,18191980,-0.18,,611763380,628,,
2016-02-17_1456,2016-02-17,1456,怡華,twse,8.50,8.50,8.50,8.50,3000,25500,-0.5,down,93720000,1,,
2016-02-17_1457,2016-02-17,1457,宜進,twse,11.95,11.95,11.70,11.70,2313603,27250102,-0.1,,335164044,742,,
2016-02-17_1459,2016-02-17,1459,聯發,twse,9.98,10.00,9.85,9.85,502300,4989972,-0.1,,358628907,242,,
2016-02-17_1460,2016-02-17,1460,宏遠,twse,15.95,16.20,15.65,15.65,4044141,64396303,0.0,,471189133,1599,,
2016-02-17_1463,2016-02-17,1463,強盛新,twse,16.50,16.50,16.15,16.35,356000,5820450,0.0,,173268381,113,,
2016-02-17_1464,2016-02-17,1464,得力,twse,39.80,41.40,38.70,38.95,19477397,780454780,-0.7,,233536634,9736,,
2016-02-17_1465,2016-02-17,1465,偉全,twse,14.50,14.80,14.40,14.50,16200,236380,0.25,,103607267,13,,
2016-02-17_1466,2016-02-17,1466,聚隆,twse,16.00,16.30,15.90,15.90,57355,925506,-0.1,,111157320,33,,
2016-02-17_1467,2016-02-17,1467,南緯,twse,16.15,16.40,16.05,16.15,876013,14183808,0.05,,210262201,366,,
2016-02-17_1468,2016-02-17,1468,昶和,twse,9.73,9.75,9.58,9.72,27000,261390,0.07,,160405244,8,,
2016-02-17_1469,2016-02-17,1469,理隆,twse,,,,,0,0,0.0,,124600000,0,無成交,
2016-02-17_1470,2016-02-17,1470,大統新創,twse,18.45,18.60,18.45,18.60,37000,685050,0.3,,85767000,8,,
2016-02-17_1471,2016-02-17,1471,首利,twse,5.65,5.75,5.30,5.36,3397594,18894303,-0.08,,201467669,965,,
2016-02-17_1472,2016-02-17,1472,三洋實業,twse,11.65,11.70,11.40,11.60,28001,324811,-0.1,,74150000,11,,
2016-02-17_1473,2016-02-17,1473,台南,twse,38.80,39.80,37.40,37.45,2835059,109837758,-0.95,,146429034,1499,,
2016-02-17_1474,2016-02-17,1474,弘裕,twse,9.65,9.74,9.52,9.62,401162,3870217,-0.03,,129896969,146,,
2016-02-17_1475,2016-02-17,1475,業旺,twse,8.26,8.26,8.26,8.26,1000,8260,-0.03,down,52516749,1,,
2016-02-17_1476,2016-02-17,1476,儒鴻,twse,465.00,465.00,447.00,451.50,1147185,519674522,-8.5,,260987364,983,,
2016-02-17_1477,2016-02-17,1477,聚陽,twse,229.50,231.00,224.00,226.50,878958,199421985,-2.0,,198111169,726,,
2016-02-17_1503,2016-02-17,1503,士電,twse,40.00,40.00,39.65,39.90,10101,402973,0.05,,520972223,11,,
2016-02-17_1504,2016-02-17,1504,東元,twse,26.40,26.45,25.65,25.65,2919154,75573438,-0.8,,2002692886,1541,,
2016-02-17_1506,2016-02-17,1506,正道,twse,14.80,15.30,14.80,15.10,437007,6576355,0.35,,122255751,131,,
2016-02-17_1507,2016-02-17,1507,永大,twse,43.45,43.45,43.00,43.30,1376450,59537572,-0.15,,410820000,293,,
2016-02-17_1512,2016-02-17,1512,瑞利,twse,5.25,5.25,5.03,5.05,769009,3923815,-0.15,,181802494,185,,
2016-02-17_1513,2016-02-17,1513,中興電,twse,18.00,18.00,17.70,17.75,703523,12539890,-0.1,,420000000,403,,
2016-02-17_1514,2016-02-17,1514,亞力,twse,8.14,8.17,8.11,8.14,74276,605283,0.0,,201067013,38,,
2016-02-17_1515,2016-02-17,1515,力山,twse,10.60,10.60,10.40,10.45,132539,1391132,-0.1,,181473500,54,,
2016-02-17_1516,2016-02-17,1516,川飛,twse,21.40,21.40,21.00,21.00,10088,213464,-0.4,,23314681,14,,
2016-02-17_1517,2016-02-17,1517,利奇,twse,11.35,11.45,11.25,11.45,249050,2824217,0.1,,227825007,86,,
2016-02-17_1519,2016-02-17,1519,華城,twse,16.40,16.45,16.00,16.15,613344,9911938,-0.2,,261058548,202,,
2016-02-17_1521,2016-02-17,1521,大億,twse,83.00,85.40,83.00,83.00,724100,61057320,0.5,,76230000,567,,
2016-02-17_1522,2016-02-17,1522,堤維西,twse,25.20,26.05,24.95,25.70,6313366,161525210,0.75,,312897881,2702,,
2016-02-17_1524,2016-02-17,1524,耿鼎,twse,6.85,6.87,6.69,6.69,452019,3067493,-0.14,,179685207,172,,
2016-02-17_1525,2016-02-17,1525,江申,twse,84.00,84.90,83.00,83.90,54000,4539700,0.4,,69245411,41,,
2016-02-17_1526,2016-02-17,1526,日馳,twse,13.20,13.25,13.10,13.20,55030,724946,-0.1,,50000000,38,,
2016-02-17_1527,2016-02-17,1527,鑽全,twse,63.00,63.90,62.30,62.80,727742,45803381,-0.2,,137960640,591,,
2016-02-17_1528,2016-02-17,1528,恩德,twse,9.27,9.27,9.10,9.11,32021,293030,-0.17,,180000000,40,,
2016-02-17_1529,2016-02-17,1529,樂事綠能,twse,5.35,5.35,5.30,5.30,17000,90200,-0.1,,299708922,6,,
2016-02-17_1530,2016-02-17,1530,亞崴,twse,31.50,31.80,31.50,31.75,26009,824734,0.4,,91994449,21,,
2016-02-17_1531,2016-02-17,1531,高林股,twse,17.30,17.30,16.95,17.15,70150,1197310,0.0,,193151080,50,,
2016-02-17_1532,2016-02-17,1532,勤美,twse,26.00,26.40,25.65,26.00,271511,7054432,0.0,,385252112,169,,
2016-02-17_1533,2016-02-17,1533,車王電,twse,42.10,46.00,42.10,45.05,2777671,124705177,2.95,,94757198,1971,,
2016-02-17_1535,2016-02-17,1535,中宇,twse,58.50,58.50,57.50,57.60,26050,1509404,0.1,,123742552,23,,
2016-02-17_1536,2016-02-17,1536,和大,twse,130.00,130.50,126.50,127.50,2592200,333258100,-1.5,,234956513,1881,,
2016-02-17_1537,2016-02-17,1537,廣隆,twse,131.50,132.00,129.00,129.00,383101,49800776,-1.5,,81785394,358,,
2016-02-17_1538,2016-02-17,1538,正峰,twse,5.30,5.34,5.20,5.23,178945,940568,-0.07,,83135851,95,,
2016-02-17_1539,2016-02-17,1539,巨庭,twse,31.20,32.20,30.70,31.60,1328257,41918046,0.6,,65370000,842,,
2016-02-17_1540,2016-02-17,1540,喬福,twse,15.20,15.40,15.20,15.40,67050,1026116,0.2,,85473612,42,,
2016-02-17_1541,2016-02-17,1541,錩泰,twse,56.40,58.30,55.20,57.70,1086604,61968568,1.3,,78800000,840,,
2016-02-17_1558,2016-02-17,1558,伸興,twse,139.00,140.00,138.50,139.50,44004,6131580,0.0,,60552631,31,,
2016-02-17_1560,2016-02-17,1560,中砂,twse,51.00,51.00,50.50,50.60,89502,4533399,-0.1,,141000000,68,,
2016-02-17_1565,2016-02-17,1565,精華,tpex,636.00,669.00,636.00,659.00,513000,337540000,26.00,,50416516,491,,
2016-02-17_1566,2016-02-17,1566,捷邦,tpex,21.25,21.75,21.05,21.10,406000,8662200,-0.10,,66467028,235,,
2016-02-17_1568,2016-02-17,1568,倉佑,twse,24.75,25.50,24.20,25.20,1938728,48412445,0.65,,103086559,1117,,
2016-02-17_1569,2016-02-17,1569,濱川,tpex,9.30,9.37,9.27,9.37,42000,390320,0.07,,93784745,18,,
2016-02-17_1570,2016-02-17,1570,力肯,tpex,16.60,16.75,16.45,16.55,207000,3429900,-0.05,,51500839,95,,
2016-02-17_1580,2016-02-17,1580,新麥,tpex,86.50,86.60,85.00,85.50,428000,36716000,-0.60,,48531634,369,,
2016-02-17_1582,2016-02-17,1582,信錦,twse,47.80,47.80,47.20,47.30,150000,7113050,-0.5,,149856339,107,,
2016-02-17_1583,2016-02-17,1583,程泰,twse,63.00,63.00,62.10,62.10,12000,748300,-0.3,,100032339,10,,
2016-02-17_1584,2016-02-17,1584,精剛,tpex,13.20,13.20,13.00,13.05,280000,3661050,-0.20,,102470533,111,,
2016-02-17_1586,2016-02-17,1586,和勤,tpex,34.00,34.00,33.30,33.40,702000,23506850,-0.70,,45106273,280,,
2016-02-17_1589,2016-02-17,1589,永冠-KY,twse,221.50,225.50,216.50,217.00,3202995,707357413,0.5,,117423812,2637,,
2016-02-17_1590,2016-02-17,1590,亞德客-KY,twse,159.50,164.00,158.50,160.50,543009,87582435,2.5,,179024998,471,,
2016-02-17_1591,2016-02-17,1591,F-駿吉,tpex,19.90,19.90,19.90,19.90,1000,19900,0.65,up,30149825,1,,
2016-02-17_1592,2016-02-17,1592,英瑞-KY,twse,28.00,28.60,28.00,28.40,23000,648800,0.0,,100433250,12,,
2016-02-17_1593,2016-02-17,1593,祺驊,tpex,38.50,38.80,38.20,38.20,17000,654800,-0.60,,30300560,10,,
2016-02-17_1595,2016-02-17,1595,川寶,tpex,56.90,56.90,55.40,56.10,13000,728000,-0.40,,38687448,10,,
2016-02-17_1597,2016-02-17,1597,直得,tpex,25.30,25.30,24.90,25.20,56000,1409900,0.00,,59233799,22,,
2016-02-17_1599,2016-02-17,1599,宏佳騰,tpex,46.85,46.85,45.70,45.70,331000,15305250,-1.15,,44980521,255,,
2016-02-17_1603,2016-02-17,1603,華電,twse,12.05,12.05,11.95,12.00,52753,633059,-0.05,,273840000,24,,
2016-02-17_1604,2016-02-17,1604,聲寶,twse,12.15,12.15,12.00,12.05,401707,4848484,-0.05,,525000000,186,,
2016-02-17_1605,2016-02-17,1605,華新,twse,7.65,7.65,7.52,7.54,4652466,35232564,-0.03,,3576000258,1342,,
2016-02-17_1608,2016-02-17,1608,華榮,twse,6.70,6.73,6.62,6.65,80001,536196,-0.05,,632773506,32,,
2016-02-17_1609,2016-02-17,1609,大亞,twse,4.37,4.39,4.34,4.39,246066,1074640,0.02,,572180791,64,,
2016-02-17_1611,2016-02-17,1611,中電,twse,7.46,7.46,7.40,7.45,75013,557571,-0.01,,398439186,56,,
2016-02-17_1612,2016-02-17,1612,宏泰,twse,8.12,8.19,8.09,8.19,55004,446542,0.08,,324151063,15,,
2016-02-17_1613,2016-02-17,1613,台一,twse,2.99,3.08,2.99,3.03,69610,211810,0.0,,227528000,24,,
2016-02-17_1614,2016-02-17,1614,三洋電,twse,23.50,23.90,23.45,23.80,100000,2369000,0.4,,269113406,40,,
2016-02-17_1615,2016-02-17,1615,大山,twse,10.15,10.15,10.15,10.15,1000,10150,0.0,flat,111861784,1,,
2016-02-17_1616,2016-02-17,1616,億泰,twse,4.25,4.31,4.22,4.31,141000,601720,0.01,,194148515,35,,
2016-02-17_1617,2016-02-17,1617,榮星,twse,6.86,6.86,6.68,6.83,13000,88370,-0.03,,144233235,8,,
2016-02-17_1618,2016-02-17,1618,合機,twse,7.35,7.50,7.35,7.40,128210,952242,0.05,,240864684,56,,
2016-02-17_1626,2016-02-17,1626,艾美特-KY,twse,21.55,21.60,21.30,21.35,37000,794300,-0.15,,122884586,19,,
2016-02-17_1701,2016-02-17,1701,中化,twse,20.00,20.10,19.80,19.95,997735,19923683,0.15,,298081080,475,,
2016-02-17_1702,2016-02-17,1702,南僑,twse,61.40,62.00,61.10,61.30,1402561,86173226,0.5,,294132962,571,,
2016-02-17_1704,2016-02-17,1704,榮化,twse,34.10,34.95,33.25,33.25,19590367,670343845,-0.2,,852959368,7405,,
2016-02-17_1707,2016-02-17,1707,葡萄王,twse,190.00,190.50,186.50,187.00,539617,101596184,-1.5,,130235040,473,,
2016-02-17_1708,2016-02-17,1708,東鹼,twse,30.10,30.10,29.85,30.05,476234,14286486,0.1,,182719152,235,,
2016-02-17_1709,2016-02-17,1709,和益,twse,14.95,15.15,14.90,14.95,456056,6857736,0.0,,429932874,224,,
2016-02-17_1710,2016-02-17,1710,東聯,twse,20.40,20.45,20.00,20.05,710540,14341824,-0.35,,885703029,459,,
2016-02-17_1711,2016-02-17,1711,永光,twse,20.70,21.25,20.40,21.00,2542933,53251643,0.45,,521668786,1283,,
2016-02-17_1712,2016-02-17,1712,興農,twse,13.15,13.15,13.00,13.10,598752,7816935,0.1,,344408739,189,,
2016-02-17_1713,2016-02-17,1713,國化,twse,15.65,15.70,15.65,15.70,29001,454015,0.05,,150951700,7,,
2016-02-17_1714,2016-02-17,1714,和桐,twse,7.07,7.17,7.04,7.13,1537440,10942272,0.14,,958592688,570,,
2016-02-17_1715,2016-02-17,1715,萬洲,twse,11.25,11.25,11.00,11.15,289755,3226577,0.0,,414893721,147,,
2016-02-17_1717,2016-02-17,1717,長興,twse,32.15,32.60,32.10,32.10,717045,23157740,0.3,,1022169026,393,,
2016-02-17_1718,2016-02-17,1718,中纖,twse,8.18,8.18,8.06,8.07,2443384,19787340,-0.09,,1361693246,645,,
2016-02-17_1720,2016-02-17,1720,生達,twse,35.85,36.05,35.40,35.40,536000,19174450,-0.45,,178696089,361,,
2016-02-17_1721,2016-02-17,1721,國慶科技,twse,11.50,11.55,11.40,11.45,73851,845650,0.05,,83676977,38,,
2016-02-17_1722,2016-02-17,1722,台肥,twse,43.10,43.25,42.75,42.90,1276231,54839083,-0.15,,980000000,909,,
2016-02-17_1723,2016-02-17,1723,中碳,twse,113.00,114.00,112.00,113.00,180997,20450152,0.0,,236904480,174,,
2016-02-17_1724,2016-02-17,1724,台硝,twse,15.05,15.05,14.85,14.85,21007,314055,-0.2,,127813900,23,,
2016-02-17_1725,2016-02-17,1725,元禎,twse,13.45,13.50,13.40,13.50,13000,174850,0.05,,181829978,9,,
2016-02-17_1726,2016-02-17,1726,永記,twse,72.60,72.60,72.20,72.50,63346,4588650,0.1,,162000000,46,,
2016-02-17_1727,2016-02-17,1727,中華化,twse,13.60,13.85,13.60,13.85,62129,855056,0.3,,110250000,54,,
2016-02-17_1729,2016-02-17,1729,必翔,twse,69.00,69.60,68.70,69.00,444030,30751756,0.2,,185414200,114,,
2016-02-17_1730,2016-02-17,1730,花仙子,twse,37.00,37.00,36.10,36.40,268364,9722326,-0.2,,53481168,195,,
2016-02-17_1731,2016-02-17,1731,美吾華,twse,13.80,13.80,13.65,13.70,146003,2004439,0.0,,132915244,89,,
2016-02-17_1732,2016-02-17,1732,毛寶,twse,14.00,14.05,13.55,13.70,659914,9108071,-0.1,,42443957,355,,
2016-02-17_1733,2016-02-17,1733,五鼎,twse,42.30,42.50,42.05,42.40,217067,9180243,0.25,,98531420,140,,
2016-02-17_1734,2016-02-17,1734,杏輝,twse,28.15,28.40,28.10,28.10,311846,8801966,-0.05,,161271175,217,,
2016-02-17_1735,2016-02-17,1735,日勝化,twse,11.70,11.75,11.70,11.75,105000,1231850,0.05,,99388000,21,,
2016-02-17_1736,2016-02-17,1736,喬山,twse,52.90,53.00,52.10,52.10,135637,7124914,-0.3,,304016617,124,,
2016-02-17_1737,2016-02-17,1737,臺鹽,twse,32.00,32.95,31.50,31.80,1017869,32704652,0.15,,200000000,688,,
2016-02-17_1742,2016-02-17,1742,台蠟,tpex,10.40,10.75,10.30,10.50,99000,1029550,0.00,,64690524,50,,
2016-02-17_1752,2016-02-17,1752,南光,tpex,46.50,47.60,46.30,46.35,3252000,152484750,1.30,,100249738,2110,,
2016-02-17_1762,2016-02-17,1762,中化生,twse,43.30,43.30,42.00,42.10,1143447,48821717,-0.95,,77560000,757,,
2016-02-17_1773,2016-02-17,1773,勝一,twse,39.35,39.50,39.35,39.50,58617,2309977,0.15,,150000000,26,,
2016-02-17_1777,2016-02-17,1777,生泰,tpex,84.50,86.60,84.30,85.00,240000,20475000,0.50,,30059550,178,,
2016-02-17_1781,2016-02-17,1781,合世,tpex,25.50,25.50,25.00,25.10,142000,3576100,0.10,,47407605,82,,
2016-02-17_1783,2016-02-17,1783,和康生,twse,21.20,21.55,21.20,21.45,178008,3807068,0.25,,78757000,117,,
2016-02-17_1784,2016-02-17,1784,訊聯,tpex,32.75,33.30,32.50,32.80,170000,5605650,0.40,,49688924,134,,
2016-02-17_1785,2016-02-17,1785,光洋科,tpex,18.65,18.65,18.40,18.50,521000,9642300,0.00,,408564346,265,,
2016-02-17_1786,2016-02-17,1786,科妍,twse,56.00,56.80,56.00,56.40,84631,4763498,0.6,,53500000,79,,
2016-02-17_1787,2016-02-17,1787,福盈科,tpex,21.25,21.85,21.25,21.60,230000,4963500,0.25,,72004504,95,,
2016-02-17_1788,2016-02-17,1788,杏昌,tpex,98.10,99.10,98.10,98.60,45000,4442800,-0.30,,35000000,39,,
2016-02-17_1789,2016-02-17,1789,神隆,twse,52.60,54.70,52.60,53.20,6372976,341385509,1.0,,731082860,4304,,
2016-02-17_1795,2016-02-17,1795,美時,tpex,65.80,67.40,65.30,66.60,1087000,72326400,1.60,,238491744,793,,
2016-02-17_1799,2016-02-17,1799,易威,tpex,34.30,35.00,34.10,34.60,297000,10270750,0.70,,65411393,218,,
2016-02-17_1802,2016-02-17,1802,台玻,twse,12.15,12.25,12.00,12.25,2280654,27778676,0.15,,2508060800,839,,
2016-02-17_1805,2016-02-17,1805,寶徠,twse,6.55,6.79,6.55,6.74,27556,184894,0.02,,80265400,15,,
2016-02-17_1806,2016-02-17,1806,冠軍,twse,6.74,6.75,6.67,6.72,81039,543598,0.0,,437335078,49,,
2016-02-17_1808,2016-02-17,1808,潤隆,twse,25.35,25.45,25.25,25.35,93000,2357400,0.0,,215026195,35,,
2016-02-17_1809,2016-02-17,1809,中釉,twse,10.55,10.55,10.40,10.50,181120,1900060,-0.1,,189820383,45,,
2016-02-17_1810,2016-02-17,1810,和成,twse,8.23,8.25,8.12,8.20,151000,1234600,0.0,,369853610,51,,
2016-02-17_1813,2016-02-17,1813,寶利徠,tpex,26.15,26.15,25.85,26.15,52000,1351550,0.05,,46635510,30,,
2016-02-17_1815,2016-02-17,1815,富喬,tpex,10.20,10.60,10.20,10.40,3729000,39033100,0.20,,411557308,1070,,
2016-02-17_1817,2016-02-17,1817,凱撒衛,twse,42.40,42.80,41.25,41.80,453100,19039560,-0.6,,72600000,302,,
2016-02-17_1902,2016-02-17,1902,台紙,twse,10.45,10.55,10.40,10.45,144025,1504007,0.0,,402000550,54,,
2016-02-17_1903,2016-02-17,1903,士紙,twse,29.15,29.15,28.70,29.00,40166,1155157,0.0,,260039121,28,,
2016-02-17_1904,2016-02-17,1904,正隆,twse,11.25,11.25,11.10,11.20,510427,5710725,0.0,,1108274522,398,,
2016-02-17_1905,2016-02-17,1905,華紙,twse,9.30,9.35,9.24,9.25,279241,2592162,-0.05,,1102835316,155,,
2016-02-17_1906,2016-02-17,1906,寶隆,twse,7.07,7.12,7.06,7.12,188224,1334403,0.05,,151000000,22,,
2016-02-17_1907,2016-02-17,1907,永豐餘,twse,10.10,10.20,10.10,10.15,341203,3458846,0.0,,1660371495,192,,
2016-02-17_1909,2016-02-17,1909,榮成,twse,10.40,10.50,10.30,10.45,1406156,14633025,0.05,,837113309,405,,
2016-02-17_2002,2016-02-17,2002,中鋼,twse,19.00,19.10,18.80,18.95,26995902,511035938,0.05,,15773128996,8190,,
2016-02-17_2002A,2016-02-17,2002A,中鋼特,twse,39.20,39.20,39.20,39.20,44470,1741767,0.0,flat,47777000,8,,
2016-02-17_2006,2016-02-17,2006,東和鋼鐵,twse,19.15,19.15,18.75,18.90,1468060,27893040,-0.15,,998221448,933,,
2016-02-17_2007,2016-02-17,2007,燁興,twse,4.89,4.89,4.77,4.77,182458,881261,-0.13,,630651613,51,,
2016-02-17_2008,2016-02-17,2008,高興昌,twse,8.75,8.79,8.74,8.76,56285,492599,0.01,,275487293,18,,
2016-02-17_2009,2016-02-17,2009,第一銅,twse,6.51,6.55,6.48,6.48,79038,514733,-0.07,,359622165,34,,
2016-02-17_2010,2016-02-17,2010,春源,twse,9.15,9.15,9.04,9.08,167111,1514960,-0.01,,647655390,79,,
2016-02-17_2012,2016-02-17,2012,春雨,twse,13.90,13.95,13.90,13.95,2645,36812,0.05,,287774000,8,,
2016-02-17_2013,2016-02-17,2013,中鋼構,twse,24.00,24.85,23.50,24.70,2009534,48815824,1.7,,200000000,1223,,
2016-02-17_2014,2016-02-17,2014,中鴻,twse,6.07,6.08,5.84,5.89,4417292,26129137,-0.18,,1435544446,1141,,
2016-02-17_2015,2016-02-17,2015,豐興,twse,38.45,38.65,38.35,38.35,232515,8952424,0.05,,581599424,161,,
2016-02-17_2017,2016-02-17,2017,官田鋼,twse,6.99,6.99,6.89,6.90,112395,777215,-0.09,,327145898,94,,
2016-02-17_2020,2016-02-17,2020,美亞,twse,12.60,12.60,12.45,12.55,62223,779884,0.05,,253126100,34,,
2016-02-17_2022,2016-02-17,2022,聚亨,twse,3.96,3.96,3.86,3.90,154059,599202,-0.06,,547091116,75,,
2016-02-17_2023,2016-02-17,2023,燁輝,twse,7.55,7.56,7.49,7.52,498303,3748598,-0.08,,1718090576,260,,
2016-02-17_2024,2016-02-17,2024,志聯,twse,6.76,6.76,6.70,6.73,14927,100374,-0.07,,97500000,17,,
2016-02-17_2027,2016-02-17,2027,大成鋼,twse,15.40,15.40,14.80,14.80,1217106,18193066,-0.45,,808180897,503,,
2016-02-17_2028,2016-02-17,2028,威致,twse,1.81,1.81,1.70,1.70,113555,194232,-0.07,,542858000,27,,
2016-02-17_2029,2016-02-17,2029,盛餘,twse,17.80,17.85,17.50,17.50,87032,1536110,-0.2,,321180000,46,,
2016-02-17_2030,2016-02-17,2030,彰源,twse,9.70,9.80,9.54,9.54,329919,3171911,-0.31,,286526027,191,,
2016-02-17_2031,2016-02-17,2031,新光鋼,twse,13.80,13.80,13.15,13.25,429601,5746236,-0.4,,275638014,201,,
2016-02-17_2032,2016-02-17,2032,新鋼,twse,9.20,9.23,8.82,8.82,748025,6747961,-0.21,,130521545,273,,
2016-02-17_2033,2016-02-17,2033,佳大,twse,9.19,9.19,9.18,9.19,12000,110190,0.0,,80694536,3,,
2016-02-17_2034,2016-02-17,2034,允強,twse,22.15,22.35,21.50,21.60,3182413,69563816,-0.55,,370118857,1546,,
2016-02-17_2035,2016-02-17,2035,唐榮,tpex,45.70,45.70,45.40,45.40,18000,820000,0.40,,350000000,7,,
2016-02-17_2038,2016-02-17,2038,海光,twse,6.07,6.07,5.87,5.99,27000,161460,-0.08,,172632878,11,,
2016-02-17_2049,2016-02-17,2049,上銀,twse,127.00,127.00,124.00,125.00,1429630,179392559,0.0,,269278456,1127,,
2016-02-17_2059,2016-02-17,2059,川湖,twse,410.50,411.50,404.00,407.00,197000,80257500,0.0,,95297072,147,,
2016-02-17_2061,2016-02-17,2061,風青,tpex,11.35,11.45,11.25,11.45,64000,726000,0.05,,62148076,22,,
2016-02-17_2062,2016-02-17,2062,橋椿,twse,45.45,45.45,44.45,44.75,382200,17173390,-0.3,,163404612,271,,
2016-02-17_2063,2016-02-17,2063,世鎧,tpex,27.60,28.20,27.50,28.20,6000,165900,0.60,,43268967,5,,
2016-02-17_2064,2016-02-17,2064,晉椿,tpex,17.90,17.90,17.20,17.20,21000,364800,0.00,,70000000,16,,
2016-02-17_2066,2016-02-17,2066,世德,tpex,102.00,103.00,102.00,102.00,52000,5316000,0.50,,36502870,41,,
2016-02-17_2067,2016-02-17,2067,嘉鋼,tpex,13.80,13.80,13.80,13.80,8000,110400,0.00,flat,30366177,5,,
2016-02-17_2101,2016-02-17,2101,南港,twse,27.60,27.85,27.35,27.50,292246,8051699,-0.2,,833934904,225,,
2016-02-17_2102,2016-02-17,2102,泰豐,twse,15.25,15.45,15.20,15.40,990097,15176271,0.2,,464048243,413,,
2016-02-17_2103,2016-02-17,2103,台橡,twse,25.15,25.20,24.70,24.75,2524898,62959907,-0.25,,825709978,1268,,
2016-02-17_2104,2016-02-17,2104,國際中橡,twse,23.30,23.45,23.05,23.30,537683,12530090,0.05,,598654274,273,,
2016-02-17_2105,2016-02-17,2105,正新,twse,55.00,55.40,54.50,54.80,2944681,161643655,-0.2,,3241415536,1477,,
2016-02-17_2106,2016-02-17,2106,建大,twse,47.90,47.90,47.45,47.70,521428,24825604,0.25,,857280000,387,,
2016-02-17_2107,2016-02-17,2107,厚生,twse,17.40,17.50,17.20,17.25,892236,15441817,0.25,,490468432,508,,
2016-02-17_2108,2016-02-17,2108,南帝,twse,24.15,24.30,23.90,24.05,670464,16157054,0.05,,425368022,340,,
2016-02-17_2109,2016-02-17,2109,華豐,twse,11.30,11.35,11.15,11.30,219092,2468029,0.0,,325832484,67,,
2016-02-17_2114,2016-02-17,2114,鑫永銓,twse,76.50,76.50,75.10,75.70,27401,2069794,-0.8,,67525288,28,,
2016-02-17_2115,2016-02-17,2115,六暉-KY,twse,41.40,43.80,41.00,43.80,394123,16862855,2.9,,74494700,289,,
2016-02-17_2201,2016-02-17,2201,裕隆,twse,29.00,29.30,28.85,29.00,987872,28659053,0.2,,1572919909,566,,
2016-02-17_2204,2016-02-17,2204,中華,twse,21.30,21.30,21.05,21.15,969280,20508607,-0.05,,1384050854,641,,
2016-02-17_2206,2016-02-17,2206,三陽工業,twse,21.40,21.40,21.05,21.25,531360,11282812,-0.1,,880044604,253,,
2016-02-17_2207,2016-02-17,2207,和泰車,twse,336.00,339.50,334.00,338.00,176800,59599800,5.0,,546179184,174,,
2016-02-17_2208,2016-02-17,2208,台船,twse,15.00,15.10,14.85,14.90,550827,8228222,0.0,,743565179,226,,
2016-02-17_2221,2016-02-17,2221,大甲,tpex,17.75,17.75,17.30,17.60,48000,839400,0.20,,42425000,40,,
2016-02-17_2227,2016-02-17,2227,裕日車,twse,235.00,237.00,234.00,235.00,43054,10145771,1.0,,300000000,44,,
2016-02-17_2228,2016-02-17,2228,劍麟,twse,183.50,193.00,183.00,184.50,2063072,387041354,0.5,,73505040,1664,,
2016-02-17_2230,2016-02-17,2230,泰茂,tpex,14.35,14.35,14.20,14.20,4000,57100,-0.10,,39617338,4,,
2016-02-17_2231,2016-02-17,2231,為升,twse,390.00,399.00,388.00,391.00,1207578,474247920,18.0,,83346780,1109,,
2016-02-17_2233,2016-02-17,2233,宇隆,tpex,73.50,74.60,73.00,73.50,534000,39417100,0.50,,49214766,417,,
2016-02-17_2235,2016-02-17,2235,謚源,tpex,115.50,120.50,115.50,118.00,36000,4257000,-0.50,,31878000,29,,
2016-02-17_2236,2016-02-17,2236,百達-KY,twse,38.70,38.90,37.90,38.90,424000,16473050,3.5,,33867039,230,,
2016-02-17_2239,2016-02-17,2239,英利-KY,twse,155.00,163.00,154.00,160.50,1718361,272265982,7.5,,110000000,1348,,
2016-02-17_2301,2016-02-17,2301,光寶科,twse,37.20,38.30,36.60,37.65,9665461,363705481,0.45,,2334928337,4553,,
2016-02-17_2302,2016-02-17,2302,麗正,twse,5.85,5.90,5.80,5.81,148839,867434,0.01,,166302881,60,,
2016-02-17_2303,2016-02-17,2303,聯電,twse,13.15,13.30,13.00,13.25,36743985,483996264,0.1,,12751440915,9153,,
2016-02-17_2305,2016-02-17,2305,全友,twse,5.62,5.65,5.50,5.55,435652,2426796,-0.07,,205660827,97,,
2016-02-17_2308,2016-02-17,2308,台達電,twse,142.00,142.00,137.00,139.00,5114814,709329646,-2.0,,2597543329,3439,,
2016-02-17_2311,2016-02-17,2311,日月光,twse,35.00,37.65,34.95,37.60,53162279,1944120462,3.3,,7892848096,15657,,
2016-02-17_2312,2016-02-17,2312,金寶,twse,10.50,10.70,10.35,10.45,4851393,50909531,-0.05,,1458113211,1348,,
2016-02-17_2313,2016-02-17,2313,華通,twse,19.20,19.40,19.00,19.25,9677819,186087913,0.0,,1191820589,3065,,
2016-02-17_2314,2016-02-17,2314,台揚,twse,11.65,12.20,11.60,11.85,1015021,12124940,0.3,,335285733,544,,
2016-02-17_2316,2016-02-17,2316,楠梓電,twse,27.60,27.75,27.30,27.65,4825741,132841073,0.1,,308312590,1119,,
2016-02-17_2317,2016-02-17,2317,鴻海,twse,77.00,77.00,75.60,76.70,30568970,2337961277,0.1,,15638288228,11897,,
2016-02-17_2321,2016-02-17,2321,東訊,twse,,,,,1423,3099,0.0,,630665181,6,無成交,
2016-02-17_2323,2016-02-17,2323,中環,twse,3.47,3.56,3.42,3.48,6853126,23883422,0.0,,2066743491,1399,,
2016-02-17_2324,2016-02-17,2324,仁寶,twse,18.85,19.40,18.85,19.35,17435754,335428653,0.4,,4471126625,5901,,
2016-02-17_2325,2016-02-17,2325,矽品,twse,51.40,51.90,51.20,51.80,7634204,393963912,0.4,,3116361139,3124,,
2016-02-17_2327,2016-02-17,2327,國巨*,twse,55.00,55.80,54.60,55.30,2017528,111796840,0.6,,651594694,1173,,
2016-02-17_2328,2016-02-17,2328,廣宇,twse,12.40,12.65,12.20,12.45,1891746,23567993,0.05,,518346282,773,,
2016-02-17_2329,2016-02-17,2329,華泰,twse,11.50,11.75,11.50,11.55,1693484,19637708,0.05,,806015782,477,,
2016-02-17_2330,2016-02-17,2330,台積電,twse,149.00,149.00,147.00,148.00,38486773,5700550482,0.5,,25930380458,13872,,
2016-02-17_2331,2016-02-17,2331,精英,twse,20.85,20.90,20.65,20.70,538369,11160634,-0.05,,557402968,271,,
2016-02-17_2332,2016-02-17,2332,友訊,twse,10.80,11.00,10.60,10.65,3184213,34429382,-0.05,,676996166,1130,,
2016-02-17_2337,2016-02-17,2337,旺宏,twse,3.86,3.86,3.75,3.78,5639860,21394629,0.03,,3617848930,1246,,
2016-02-17_2338,2016-02-17,2338,光罩,twse,9.42,9.55,9.35,9.55,311171,2948907,0.12,,252713611,109,,
2016-02-17_2340,2016-02-17,2340,台亞,twse,10.05,10.10,9.97,10.10,1145403,11485887,0.1,,545662115,533,,
2016-02-17_2342,2016-02-17,2342,茂矽,twse,3.01,3.06,3.01,3.05,351202,1061831,0.04,,372254853,104,,
2016-02-17_2344,2016-02-17,2344,華邦電,twse,9.08,9.20,8.92,9.15,23146010,210216595,0.16,,3580000193,5444,,
2016-02-17_2345,2016-02-17,2345,智邦,twse,32.50,32.55,31.80,32.00,6733797,216226982,-0.2,,534770897,3180,,
2016-02-17_2347,2016-02-17,2347,聯強,twse,31.30,31.45,31.00,31.35,3016256,94111648,0.1,,1588520922,1871,,
2016-02-17_2348,2016-02-17,2348,海悅,twse,,,,,0,0,0.0,,85600000,0,無成交,
2016-02-17_2349,2016-02-17,2349,錸德,twse,2.72,2.73,2.68,2.69,3880004,10492410,0.0,,2612927424,806,,
2016-02-17_2351,2016-02-17,2351,順德,twse,26.25,26.50,26.00,26.25,289001,7562226,0.1,,182145249,157,,
2016-02-17_2352,2016-02-17,2352,佳世達,twse,10.30,10.35,10.15,10.15,3114082,31789571,-0.1,,1966781958,927,,
2016-02-17_2353,2016-02-17,2353,宏碁,twse,11.90,11.95,11.65,11.70,12965697,152542197,-0.15,,3085442828,4444,,
2016-02-17_2354,2016-02-17,2354,鴻準,twse,65.00,65.00,64.10,64.20,4283241,276045235,-0.1,,1395023952,2736,,
2016-02-17_2355,2016-02-17,2355,敬鵬,twse,54.20,55.30,53.50,54.40,4881540,265934771,0.6,,397495420,2440,,
2016-02-17_2356,2016-02-17,2356,英業達,twse,23.80,24.00,23.30,23.50,26903903,637761768,0.1,,3587475066,8313,,
2016-02-17_2357,2016-02-17,2357,華碩,twse,273.50,275.00,272.00,274.50,1265752,347039796,2.5,,742760280,1001,,
2016-02-17_2358,2016-02-17,2358,廷鑫,twse,10.15,10.25,10.00,10.20,251007,2536868,0.05,,85000000,106,,
2016-02-17_2359,2016-02-17,2359,所羅門,twse,15.40,15.40,15.20,15.20,247235,3778405,-0.1,,171471052,117,,
2016-02-17_2360,2016-02-17,2360,致茂,twse,65.90,66.10,64.50,65.00,413200,26913039,-0.9,,378786220,376,,
2016-02-17_2362,2016-02-17,2362,藍天,twse,32.40,32.40,31.55,31.70,536591,17059783,-0.5,,683163000,337,,
2016-02-17_2363,2016-02-17,2363,矽統,twse,6.98,7.15,6.85,7.11,4443246,31320878,0.2,,613534976,1136,,
2016-02-17_2364,2016-02-17,2364,倫飛,twse,1.70,1.78,1.66,1.78,123002,210202,0.11,,190161531,28,,
2016-02-17_2365,2016-02-17,2365,昆盈,twse,9.01,9.10,9.01,9.05,110950,1005766,0.04,,306153496,65,,
2016-02-17_2367,2016-02-17,2367,燿華,twse,11.70,11.75,11.60,11.75,1129626,13212815,0.2,,555965399,709,,
2016-02-17_2368,2016-02-17,2368,金像電,twse,8.94,8.94,8.79,8.80,1397562,12362329,-0.08,,564912841,593,,
2016-02-17_2369,2016-02-17,2369,菱生,twse,8.60,8.72,8.55,8.60,733143,6347505,0.06,,380102344,296,,
2016-02-17_2371,2016-02-17,2371,大同,twse,5.22,5.24,5.14,5.15,3691415,19129804,-0.1,,2339536685,934,,
2016-02-17_2373,2016-02-17,2373,震旦行,twse,52.40,53.10,52.40,53.00,113852,6016813,0.1,,337432169,75,,
2016-02-17_2374,2016-02-17,2374,佳能,twse,20.85,20.90,20.60,20.60,136729,2840230,-0.4,,282831004,120,,
2016-02-17_2375,2016-02-17,2375,凱美,twse,13.50,13.80,13.50,13.60,83839,1145369,0.2,,61518283,60,,
2016-02-17_2376,2016-02-17,2376,技嘉,twse,36.20,36.45,35.85,36.20,880196,31779256,0.0,,629012886,624,,
2016-02-17_2377,2016-02-17,2377,微星,twse,41.85,42.60,41.70,42.45,5277899,222325775,0.9,,844856199,2911,,
2016-02-17_2379,2016-02-17,2379,瑞昱,twse,87.50,88.30,83.60,83.60,6366758,543128275,-3.9,,504951298,4088,,
2016-02-17_2380,2016-02-17,2380,虹光,twse,7.44,7.44,7.29,7.30,122005,891235,0.02,,212810850,52,,
2016-02-17_2382,2016-02-17,2382,廣達,twse,54.10,54.50,53.50,54.50,3952921,213951881,0.5,,3862627432,2228,,
2016-02-17_2383,2016-02-17,2383,台光電,twse,57.20,57.40,56.50,56.60,1432789,81665351,-0.3,,317505140,1043,,
2016-02-17_2385,2016-02-17,2385,群光,twse,70.50,70.70,69.70,70.70,632802,44480259,0.3,,703810114,498,,
2016-02-17_2387,2016-02-17,2387,精元,twse,15.05,15.05,14.80,14.80,769254,11455842,-0.25,,313345423,436,,
2016-02-17_2388,2016-02-17,2388,威盛,twse,8.68,8.85,8.68,8.80,84498,742240,0.0,,493303441,36,,
2016-02-17_2390,2016-02-17,2390,云辰,twse,20.75,21.15,20.45,20.50,1311530,27292671,-0.05,,215303352,802,,
2016-02-17_2392,2016-02-17,2392,正崴,twse,42.55,42.70,42.20,42.30,612906,25969913,-0.25,,512326940,511,,
2016-02-17_2393,2016-02-17,2393,億光,twse,56.20,56.90,55.40,56.60,2331168,131298303,0.4,,431096996,1429,,
2016-02-17_2395,2016-02-17,2395,研華,twse,206.50,208.00,204.50,206.50,654368,134974859,1.0,,631518600,496,,
2016-02-17_2397,2016-02-17,2397,友通,twse,45.35,45.90,45.00,45.75,278002,12646991,0.4,,114839857,171,,
2016-02-17_2399,2016-02-17,2399,映泰,twse,8.20,8.36,8.00,8.30,745273,6099759,0.22,,178100000,251,,
2016-02-17_2401,2016-02-17,2401,凌陽,twse,11.75,11.80,11.45,11.45,3598630,41639567,-0.3,,591994919,1023,,
2016-02-17_2402,2016-02-17,2402,毅嘉,twse,15.60,15.70,15.40,15.45,552140,8565523,-0.05,,341387033,271,,
2016-02-17_2404,2016-02-17,2404,漢唐,twse,46.35,46.80,45.95,46.10,1705948,78970108,0.05,,238233373,1062,,
2016-02-17_2405,2016-02-17,2405,輔信,twse,8.12,8.24,8.03,8.20,1399003,11428594,0.08,,348333303,391,,
2016-02-17_2406,2016-02-17,2406,國碩,twse,32.70,33.15,32.00,32.25,7334445,239193631,-0.25,,308286553,3685,,
2016-02-17_2408,2016-02-17,2408,南亞科,twse,39.50,39.85,39.10,39.10,7101699,280370513,0.35,,2748565810,3755,,
2016-02-17_2409,2016-02-17,2409,友達,twse,8.69,8.69,8.48,8.48,48277078,414079876,-0.14,,9624245115,7890,,
2016-02-17_2412,2016-02-17,2412,中華電,twse,105.50,106.00,104.50,105.50,8868323,933323415,0.5,,7757446545,4389,,
2016-02-17_2413,2016-02-17,2413,環科,twse,15.15,15.35,15.00,15.20,1559005,23667525,0.05,,127359200,631,,
2016-02-17_2414,2016-02-17,2414,精技,twse,15.80,16.00,15.80,15.95,71800,1139838,0.05,,161735846,38,,
2016-02-17_2415,2016-02-17,2415,錩新,twse,12.55,12.55,12.35,12.45,76081,947458,0.0,,91177387,37,,
2016-02-17_2417,2016-02-17,2417,圓剛,twse,10.30,10.30,9.96,10.00,447014,4503020,-0.1,,192892330,181,,
2016-02-17_2419,2016-02-17,2419,仲琦,twse,22.10,23.85,21.75,22.20,50128524,1149806377,0.5,,223911234,15677,,
2016-02-17_2420,2016-02-17,2420,新巨,twse,42.50,43.25,42.50,42.90,445001,19100843,0.4,,152648688,294,,
2016-02-17_2421,2016-02-17,2421,建準,twse,21.60,21.95,21.40,21.60,2625771,56821287,0.2,,250929732,1422,,
2016-02-17_2423,2016-02-17,2423,固緯,twse,16.85,16.85,16.80,16.85,18387,309189,0.0,,138140275,13,,
2016-02-17_2424,2016-02-17,2424,隴華,twse,29.60,29.60,29.60,29.60,1000,29600,0.7,up,30000000,1,,
2016-02-17_2425,2016-02-17,2425,承啟,twse,22.30,22.30,21.80,21.80,353495,7761240,-0.35,,109248831,189,,
2016-02-17_2426,2016-02-17,2426,鼎元,twse,15.10,15.45,15.00,15.05,2277120,34572750,0.0,,275931842,1036,,
2016-02-17_2427,2016-02-17,2427,三商電,twse,6.00,6.05,6.00,6.02,25000,150790,0.0,,187314463,15,,
2016-02-17_2428,2016-02-17,2428,興勤,twse,53.20,53.20,52.60,52.60,439257,23180939,-0.3,,127308846,341,,
2016-02-17_2429,2016-02-17,2429,銘旺科,twse,9.31,10.25,9.31,10.25,3000,29390,0.42,,36800000,3,,
2016-02-17_2430,2016-02-17,2430,燦坤,twse,20.60,20.85,20.50,20.80,109055,2260091,-0.05,,167463073,51,,
2016-02-17_2431,2016-02-17,2431,聯昌,twse,14.90,15.15,14.80,15.10,1305055,19603589,0.35,,110927014,550,,
2016-02-17_2433,2016-02-17,2433,互盛電,twse,44.20,44.40,44.00,44.40,23000,1020100,0.0,,144496011,14,,
2016-02-17_2434,2016-02-17,2434,統懋,twse,6.41,6.45,6.41,6.44,92000,590250,0.03,,110677564,33,,
2016-02-17_2436,2016-02-17,2436,偉詮電,twse,20.65,21.35,20.60,21.10,7841346,164874666,0.5,,221400000,2822,,
2016-02-17_2437,2016-02-17,2437,旺詮,twse,50.50,50.70,49.90,50.20,123000,6184750,0.0,,66572273,87,,
2016-02-17_2438,2016-02-17,2438,翔耀,twse,15.25,15.25,15.00,15.15,72507,1094805,-0.1,,75215940,36,,
2016-02-17_2439,2016-02-17,2439,美律,twse,55.50,56.70,54.80,55.40,1624723,90587260,0.2,,185027323,1162,,
2016-02-17_2440,2016-02-17,2440,太空梭,twse,8.12,8.12,8.08,8.08,16117,130593,-0.04,,139117271,10,,
2016-02-17_2441,2016-02-17,2441,超豐,twse,35.30,36.00,35.25,35.80,993692,35421351,0.65,,568845921,612,,
2016-02-17_2442,2016-02-17,2442,新美齊,twse,6.30,6.37,6.26,6.30,158000,996340,-0.04,,199045515,59,,
2016-02-17_2443,2016-02-17,2443,昶虹,twse,7.25,7.39,7.23,7.35,244047,1790530,0.02,,145687000,53,,
2016-02-17_2444,2016-02-17,2444,兆勁,twse,10.00,10.05,9.83,10.00,621415,6182263,0.1,,85437518,279,,
2016-02-17_2448,2016-02-17,2448,晶電,twse,26.20,26.40,25.00,26.00,16427902,423390802,0.0,,1099844268,6803,,
2016-02-17_2449,2016-02-17,2449,京元電子,twse,23.30,23.55,23.10,23.35,10292658,240075040,0.5,,1162294400,3012,,
2016-02-17_2450,2016-02-17,2450,神腦,twse,40.95,42.25,40.90,41.70,352000,14674900,0.9,,258252657,172,,
2016-02-17_2451,2016-02-17,2451,創見,twse,94.70,95.00,93.70,94.90,352975,33345627,0.7,,430761675,335,,
2016-02-17_2453,2016-02-17,2453,凌群,twse,10.15,10.20,10.10,10.10,107008,1084081,-0.05,,100000000,47,,
2016-02-17_2454,2016-02-17,2454,聯發科,twse,213.50,215.00,210.00,210.00,8867628,1882142618,-1.5,,1571577147,4572,,
2016-02-17_2455,2016-02-17,2455,全新,twse,50.80,50.90,49.75,49.90,3074716,154188267,-0.6,,246541224,1703,,
2016-02-17_2456,2016-02-17,2456,奇力新,twse,69.80,70.40,69.00,69.10,3646507,253657131,-0.2,,126969152,2186,,
2016-02-17_2457,2016-02-17,2457,飛宏,twse,12.30,12.35,12.05,12.15,674035,8216023,-0.1,,277688416,285,,
2016-02-17_2458,2016-02-17,2458,義隆,twse,41.75,42.00,41.10,41.40,2793597,116005606,-0.7,,441144845,1828,,
2016-02-17_2459,2016-02-17,2459,敦吉,twse,32.20,32.90,32.10,32.60,113739,3690286,0.4,,107300615,96,,
2016-02-17_2460,2016-02-17,2460,建通,twse,8.88,8.99,8.88,8.98,58015,517657,0.03,,169200000,31,,
2016-02-17_2461,2016-02-17,2461,光群雷,twse,15.00,15.10,14.55,14.65,1069233,15805310,-0.15,,132466494,402,,
2016-02-17_2462,2016-02-17,2462,良得電,twse,17.05,17.50,16.90,17.10,178636,3075862,0.25,,105337485,111,,
2016-02-17_2464,2016-02-17,2464,盟立,twse,35.35,35.95,35.05,35.30,3134842,111210631,-0.4,,191697281,1680,,
2016-02-17_2465,2016-02-17,2465,麗臺,twse,10.60,10.80,10.45,10.50,332833,3505960,-0.1,,107174602,145,,
2016-02-17_2466,2016-02-17,2466,冠西電,twse,33.80,33.90,33.70,33.80,84000,2838450,0.1,,156307345,64,,
2016-02-17_2467,2016-02-17,2467,志聖,twse,13.55,13.55,13.40,13.50,309178,4164092,-0.05,,158744548,80,,
2016-02-17_2468,2016-02-17,2468,華經,twse,10.10,10.35,10.10,10.15,55000,559350,-0.05,,69961249,24,,
2016-02-17_2471,2016-02-17,2471,資通,twse,13.55,13.55,13.15,13.25,38005,505565,0.05,,47253890,31,,
2016-02-17_2472,2016-02-17,2472,立隆電,twse,33.40,33.60,32.95,33.25,2349410,78131841,-0.2,,131194822,1137,,
2016-02-17_2474,2016-02-17,2474,可成,twse,250.00,251.00,245.00,247.00,6357110,1574869332,-3.5,,770391069,4371,,
2016-02-17_2475,2016-02-17,2475,華映,twse,0.78,0.78,0.75,0.76,2000930,1512236,0.0,,6479454177,145,,
2016-02-17_2476,2016-02-17,2476,鉅祥,twse,21.90,21.90,21.75,21.90,113152,2473513,0.15,,180052298,63,,
2016-02-17_2477,2016-02-17,2477,美隆電,twse,11.90,12.10,11.90,12.00,293775,3529972,0.2,,238815126,76,,
2016-02-17_2478,2016-02-17,2478,大毅,twse,14.75,14.80,14.70,14.70,36918,540932,-0.1,,255853321,37,,
2016-02-17_2480,2016-02-17,2480,敦陽科,twse,24.75,24.80,24.70,24.70,51171,1266119,-0.05,,132950363,54,,
2016-02-17_2481,2016-02-17,2481,強茂,twse,13.40,13.65,13.30,13.50,972228,13145503,0.1,,388991355,464,,
2016-02-17_2482,2016-02-17,2482,連宇,twse,12.15,12.20,12.05,12.15,91000,1103800,0.0,,62072549,35,,
2016-02-17_2483,2016-02-17,2483,百容,twse,18.15,18.25,18.05,18.15,115500,2093700,0.0,,111706807,53,,
2016-02-17_2484,2016-02-17,2484,希華,twse,19.30,19.35,19.00,19.00,996371,19055973,-0.15,,159421022,445,,
2016-02-17_2485,2016-02-17,2485,兆赫,twse,53.20,54.30,53.00,53.20,2898425,155226407,0.3,,317689037,1723,,
2016-02-17_2486,2016-02-17,2486,一詮,twse,9.45,9.67,9.45,9.67,233008,2227062,0.16,,205254579,114,,
2016-02-17_2488,2016-02-17,2488,漢平,twse,28.95,29.50,28.80,29.10,1356359,39587961,0.5,,79999433,714,,
2016-02-17_2489,2016-02-17,2489,瑞軒,twse,15.75,15.80,15.50,15.50,948056,14796263,-0.3,,834362046,501,,
2016-02-17_2491,2016-02-17,2491,吉祥全,twse,6.87,7.00,6.60,7.00,44975,308625,0.4,,70408000,31,,
2016-02-17_2492,2016-02-17,2492,華新科,twse,19.45,19.45,19.05,19.30,1562261,30048391,-0.15,,560000000,702,,
2016-02-17_2493,2016-02-17,2493,揚博,twse,22.25,22.70,22.25,22.45,245000,5508950,0.2,,114437390,141,,
2016-02-17_2495,2016-02-17,2495,普安,twse,16.55,16.80,16.50,16.55,314193,5225074,0.15,,278545938,173,,
2016-02-17_2496,2016-02-17,2496,卓越,twse,17.05,17.05,16.80,17.00,96000,1631750,-0.05,,46133586,20,,
2016-02-17_2497,2016-02-17,2497,怡利電,twse,37.60,39.95,37.30,38.60,1590909,61495305,1.5,,118798463,988,,
2016-02-17_2498,2016-02-17,2498,宏達電,twse,79.80,79.80,78.00,78.10,7898665,621811870,-1.9,,831869525,4862,,
2016-02-17_2499,2016-02-17,2499,東貝,twse,18.75,18.80,18.45,18.55,1408523,26187869,-0.2,,315512003,550,,
2016-02-17_2501,2016-02-17,2501,國建,twse,13.20,13.20,13.00,13.10,200195,2620035,-0.05,,1656515798,117,,
2016-02-17_2504,2016-02-17,2504,國產,twse,7.88,7.88,7.75,7.79,942883,7358500,0.09,,1468000335,418,,
2016-02-17_2505,2016-02-17,2505,國揚,twse,10.40,10.40,10.35,10.35,285046,2959971,0.0,,576582479,117,,
2016-02-17_2506,2016-02-17,2506,太設,twse,14.80,14.85,14.75,14.85,18598,274635,0.05,,387000000,23,,
2016-02-17_2509,2016-02-17,2509,全坤建,twse,21.95,21.95,21.95,21.95,1000,21950,0.0,flat,151752042,1,,
2016-02-17_2511,2016-02-17,2511,太子,twse,9.42,9.42,9.28,9.30,770467,7186048,-0.05,,1623326147,163,,
2016-02-17_2514,2016-02-17,2514,龍邦,twse,18.15,18.15,18.00,18.10,128010,2313980,0.0,,563214290,63,,
2016-02-17_2515,2016-02-17,2515,中工,twse,6.18,6.20,6.13,6.16,1725618,10625264,-0.02,,1525017485,423,,
2016-02-17_2516,2016-02-17,2516,新建,twse,6.34,6.45,6.34,6.38,444703,2843172,0.0,,231477457,54,,
2016-02-17_2520,2016-02-17,2520,冠德,twse,14.85,14.85,14.65,14.80,649006,9595090,0.05,,503791000,407,,
2016-02-17_2524,2016-02-17,2524,京城,twse,18.25,18.25,18.15,18.20,21004,382322,0.0,,383820229,16,,
2016-02-17_2527,2016-02-17,2527,宏璟,twse,16.00,16.00,15.40,15.90,86000,1349550,0.25,,270306000,32,,
2016-02-17_2528,2016-02-17,2528,皇普,twse,6.57,6.57,6.57,6.57,2027,13319,0.04,up,121032781,2,,
2016-02-17_2530,2016-02-17,2530,華建,twse,16.75,16.75,16.65,16.75,61623,1027468,-0.1,,270752466,29,,
2016-02-17_2534,2016-02-17,2534,宏盛,twse,14.40,14.40,14.20,14.30,251005,3585675,-0.1,,589091032,112,,
2016-02-17_2535,2016-02-17,2535,達欣工,twse,15.40,15.45,15.35,15.40,148300,2286045,-0.1,,219622890,83,,
2016-02-17_2536,2016-02-17,2536,宏普,twse,21.90,22.00,21.55,21.75,132383,2878406,-0.1,,332808652,102,,
2016-02-17_2537,2016-02-17,2537,聯上發,twse,8.25,8.28,8.19,8.24,328461,2701098,-0.01,,267590630,50,,
2016-02-17_2538,2016-02-17,2538,基泰,twse,14.90,14.90,14.60,14.75,704875,10381611,-0.05,,419110722,308,,
2016-02-17_2539,2016-02-17,2539,櫻花建,twse,25.00,25.10,24.60,24.60,10000,250200,-0.35,,286365607,6,,
2016-02-17_2540,2016-02-17,2540,愛山林,twse,29.00,29.00,29.00,29.00,2000,58000,0.0,flat,146600000,2,,
2016-02-17_2542,2016-02-17,2542,興富發,twse,34.45,34.45,33.10,33.15,5793594,195453898,-1.3,,1166626643,3525,,
2016-02-17_2543,2016-02-17,2543,皇昌,twse,,,,,10,90,0.0,,241983788,10,無成交,
2016-02-17_2545,2016-02-17,2545,皇翔,twse,25.00,25.35,24.70,24.90,562880,14088886,-0.1,,327734808,323,,
2016-02-17_2546,2016-02-17,2546,根基,twse,15.50,15.50,15.25,15.35,42038,645524,-0.15,,106035660,31,,
2016-02-17_2547,2016-02-17,2547,日勝生,twse,10.40,10.40,10.10,10.15,600979,6152025,-0.2,,894419263,266,,
2016-02-17_2548,2016-02-17,2548,華固,twse,55.10,55.20,53.80,53.90,709350,38405913,-1.2,,276812726,534,,
2016-02-17_2596,2016-02-17,2596,綠意,tpex,,,,,0,0,,,82731524,0,無成交,
2016-02-17_2597,2016-02-17,2597,潤弘,twse,41.40,41.40,40.80,41.40,33000,1359400,0.0,,135000000,26,,
2016-02-17_2601,2016-02-17,2601,益航,twse,8.99,9.28,8.85,8.94,2976445,26873785,-0.06,,377617150,465,,
2016-02-17_2603,2016-02-17,2603,長榮,twse,12.10,12.10,11.65,11.70,4002640,47173280,-0.35,,3512355986,1612,,
2016-02-17_2605,2016-02-17,2605,新興,twse,19.40,19.40,19.10,19.10,560153,10746427,-0.25,,568304171,311,,
2016-02-17_2606,2016-02-17,2606,裕民,twse,25.50,25.55,25.10,25.45,611775,15544023,0.0,,845055712,440,,
2016-02-17_2607,2016-02-17,2607,榮運,twse,13.15,13.20,13.05,13.15,432586,5678925,0.0,,1067141094,168,,
2016-02-17_2608,2016-02-17,2608,嘉里大榮,twse,38.10,38.10,37.85,37.90,48200,1827700,0.1,,483582498,47,,
2016-02-17_2609,2016-02-17,2609,陽明,twse,8.15,8.18,8.06,8.06,2220132,17976709,-0.09,,3004440135,685,,
2016-02-17_2610,2016-02-17,2610,華航,twse,11.60,11.65,11.35,11.35,15106090,173584213,-0.2,,5470073156,2594,,
2016-02-17_2611,2016-02-17,2611,志信,twse,7.47,7.53,7.37,7.44,76535,571879,0.0,,175619948,28,,
2016-02-17_2612,2016-02-17,2612,中航,twse,20.30,20.60,20.15,20.20,98008,1986562,-0.1,,256473497,59,,
2016-02-17_2613,2016-02-17,2613,中櫃,twse,12.60,12.65,12.50,12.65,132425,1662015,0.0,,99805721,47,,
2016-02-17_2614,2016-02-17,2614,東森,twse,6.62,6.65,6.55,6.56,649466,4277999,-0.04,,695987361,219,,
2016-02-17_2615,2016-02-17,2615,萬海,twse,18.55,18.55,18.15,18.20,6006955,109889573,-0.2,,2218297466,2039,,
2016-02-17_2616,2016-02-17,2616,山隆,twse,23.80,23.85,23.75,23.80,18637,444275,0.0,,113008746,67,,
2016-02-17_2617,2016-02-17,2617,台航,twse,12.60,12.80,12.60,12.75,79006,1004476,0.05,,417294487,35,,
2016-02-17_2618,2016-02-17,2618,長榮航,twse,17.60,17.80,17.45,17.65,12453962,219636319,0.15,,3858945005,3182,,
2016-02-17_2634,2016-02-17,2634,漢翔,twse,38.70,38.95,38.30,38.45,1897162,73306418,-0.1,,908261428,1252,,
2016-02-17_2636,2016-02-17,2636,台驊,tpex,28.10,28.15,27.75,27.80,357000,9949500,-0.25,,116042060,224,,
2016-02-17_2637,2016-02-17,2637,慧洋-KY,twse,36.10,36.15,35.85,36.00,450251,16206989,-0.1,,486808327,302,,
2016-02-17_2640,2016-02-17,2640,大車隊,tpex,58.00,59.00,58.00,58.30,45000,2621900,0.40,,44224423,44,,
2016-02-17_2641,2016-02-17,2641,正德,tpex,7.01,7.25,7.00,7.08,32000,225010,0.03,,119543821,12,,
2016-02-17_2642,2016-02-17,2642,宅配通,twse,27.30,27.40,27.00,27.00,99017,2695926,-0.2,,95467000,73,,
2016-02-17_2701,2016-02-17,2701,萬企,twse,14.60,14.70,14.55,14.55,33173,484355,-0.05,,397985466,24,,
2016-02-17_2702,2016-02-17,2702,華園,twse,15.20,15.35,15.20,15.35,30165,460582,0.2,,94583417,20,,
2016-02-17_2704,2016-02-17,2704,國賓,twse,26.35,26.50,26.35,26.45,13011,343386,0.05,,366923343,22,,
2016-02-17_2705,2016-02-17,2705,六福,twse,10.60,10.60,10.40,10.45,395019,4149045,0.0,,330241001,176,,
2016-02-17_2706,2016-02-17,2706,第一店,twse,18.65,18.75,18.60,18.60,45387,846747,-0.1,,420226727,34,,
2016-02-17_2707,2016-02-17,2707,晶華,twse,216.00,216.00,214.00,215.00,189209,40642038,0.0,,126745769,179,,
2016-02-17_2712,2016-02-17,2712,遠雄來,twse,24.90,25.25,24.90,25.25,2000,50150,0.0,,105000000,2,,
2016-02-17_2718,2016-02-17,2718,晶悅,tpex,33.85,33.85,33.85,33.85,1000,33850,0.00,flat,22576000,1,,
2016-02-17_2719,2016-02-17,2719,燦星旅,tpex,16.90,16.90,16.80,16.80,17000,286850,-0.10,,36292000,13,,
2016-02-17_2722,2016-02-17,2722,夏都,twse,44.90,44.90,44.80,44.80,4000,179450,0.0,,95446031,4,,
2016-02-17_2723,2016-02-17,2723,美食-KY,twse,206.00,209.50,205.50,207.00,291131,60415986,3.0,,141120000,281,,
2016-02-17_2724,2016-02-17,2724,F-富驛,tpex,12.90,12.90,12.85,12.90,14000,180500,0.05,,38172290,9,,
2016-02-17_2726,2016-02-17,2726,F-雅茗,tpex,73.00,73.00,72.40,72.40,22000,1600300,-1.60,,27350280,16,,
2016-02-17_2727,2016-02-17,2727,王品,twse,144.00,145.50,141.00,141.00,210239,29877295,-1.5,,76987883,153,,
2016-02-17_2729,2016-02-17,2729,瓦城,tpex,228.00,233.00,225.00,233.00,52000,11907000,6.00,,23266000,47,,
2016-02-17_2731,2016-02-17,2731,雄獅,twse,103.00,105.00,102.50,103.00,113205,11734716,-1.0,,70000000,103,,
2016-02-17_2732,2016-02-17,2732,六角,tpex,81.30,81.50,80.40,80.40,15000,1214000,-0.70,,27951525,15,,
2016-02-17_2734,2016-02-17,2734,易飛網,tpex,20.50,20.50,20.10,20.10,13000,264450,-0.40,,30259760,13,,
2016-02-17_2736,2016-02-17,2736,高野,tpex,41.70,42.70,41.70,42.10,50000,2106500,0.35,,48992383,40,,
2016-02-17_2740,2016-02-17,2740,天蔥,tpex,67.00,68.30,66.50,67.70,23000,1544600,-0.70,,15978196,19,,
2016-02-17_2801,2016-02-17,2801,彰銀,twse,16.30,16.30,15.90,16.00,4162357,66662860,-0.3,,8457323198,1930,,
2016-02-17_2809,2016-02-17,2809,京城銀,twse,21.45,21.50,21.10,21.25,2758648,58595168,-0.3,,1201234265,1218,,
2016-02-17_2812,2016-02-17,2812,台中銀,twse,9.17,9.17,9.08,9.10,1085503,9903386,-0.08,,3184002713,382,,
2016-02-17_2816,2016-02-17,2816,旺旺保,twse,14.90,14.90,14.60,14.70,163106,2404267,-0.1,,212960000,61,,
2016-02-17_2820,2016-02-17,2820,華票,twse,11.65,11.75,11.65,11.75,1066876,12497429,0.1,,1342960000,387,,
2016-02-17_2823,2016-02-17,2823,中壽,twse,22.90,22.90,22.50,22.60,9078436,205530364,-0.3,,3340146700,3519,,
2016-02-17_2832,2016-02-17,2832,台產,twse,20.65,20.75,20.45,20.55,75080,1544289,-0.05,,362200400,63,,
2016-02-17_2834,2016-02-17,2834,臺企銀,twse,8.15,8.15,8.06,8.08,3559209,28809442,-0.07,,5684661787,1299,,
2016-02-17_2836,2016-02-17,2836,高雄銀,twse,8.54,8.55,8.49,8.55,161963,1380861,0.01,,778865925,86,,
2016-02-17_2838,2016-02-17,2838,聯邦銀,twse,9.30,9.32,9.25,9.30,97202,903432,0.0,,2605152427,69,,
2016-02-17_2841,2016-02-17,2841,台開,twse,10.50,10.55,10.45,10.55,1474180,15473430,0.05,,725881325,429,,
2016-02-17_2845,2016-02-17,2845,遠東銀,twse,9.42,9.42,9.31,9.39,848903,7967278,-0.03,,3033242962,432,,
2016-02-17_2847,2016-02-17,2847,大眾銀,twse,13.00,13.05,12.90,12.90,2967600,38482794,-0.1,,2977313943,851,,
2016-02-17_2849,2016-02-17,2849,安泰銀,twse,14.65,14.65,14.25,14.25,152058,2177726,-0.15,,1957910050,98,,
2016-02-17_2850,2016-02-17,2850,新產,twse,22.60,22.60,22.25,22.35,319700,7173315,0.25,,315963300,79,,
2016-02-17_2851,2016-02-17,2851,中再保,twse,14.80,14.80,14.70,14.80,45000,665450,0.0,,562275000,28,,
2016-02-17_2852,2016-02-17,2852,第一保,twse,10.80,10.80,10.55,10.65,247216,2632665,-0.1,,301163784,88,,
2016-02-17_2855,2016-02-17,2855,統一證,twse,12.75,12.75,12.50,12.60,742589,9346873,-0.15,,1323119054,182,,
2016-02-17_2856,2016-02-17,2856,元富證,twse,8.96,8.96,8.88,8.93,215442,1922323,-0.02,,1570688315,169,,
2016-02-17_2867,2016-02-17,2867,三商壽,twse,17.20,17.20,17.00,17.00,451722,7703437,-0.2,,1687702209,232,,
2016-02-17_2880,2016-02-17,2880,華南金,twse,15.20,15.20,14.90,14.95,5628207,84368205,-0.25,,9906304245,2509,,
2016-02-17_2881,2016-02-17,2881,富邦金,twse,38.75,38.75,37.70,37.70,30626583,1166464568,-0.65,,10233603995,11302,,
2016-02-17_2882,2016-02-17,2882,國泰金,twse,37.00,37.05,36.00,36.00,22512991,817476596,-0.65,,12563210128,8619,,
2016-02-17_2883,2016-02-17,2883,凱基金,twse,7.94,7.95,7.80,7.84,26395439,206976283,-0.04,,15112407122,4716,,
2016-02-17_2884,2016-02-17,2884,玉山金,twse,16.70,16.80,16.40,16.45,19117499,316577310,-0.2,,7951700000,4992,,
2016-02-17_2885,2016-02-17,2885,元大金,twse,10.85,10.90,10.70,10.75,18877658,203169774,-0.1,,10712960508,4320,,
2016-02-17_2886,2016-02-17,2886,兆豐金,twse,21.60,21.80,21.40,21.60,22961000,497013579,-0.1,,13599823983,7431,,
2016-02-17_2887,2016-02-17,2887,台新新光金,twse,10.95,11.00,10.75,10.85,12961568,140559531,-0.05,,9582050748,2716,,
2016-02-17_2888,2016-02-17,2888,新光金,twse,6.26,6.26,6.13,6.16,18395576,113466395,-0.09,,10228144081,4005,,
2016-02-17_2889,2016-02-17,2889,國票金,twse,7.40,7.43,7.34,7.38,1535728,11334736,-0.02,,2766486180,568,,
2016-02-17_2890,2016-02-17,2890,永豐金,twse,9.24,9.24,9.05,9.12,12430520,113131407,-0.09,,10177980717,3804,,
2016-02-17_2891,2016-02-17,2891,中信金,twse,15.50,15.50,15.30,15.35,42794349,658112512,-0.15,,18112780565,7930,,
2016-02-17_2892,2016-02-17,2892,第一金,twse,15.40,15.40,15.15,15.15,16100750,245294545,-0.2,,11461106381,6825,,
2016-02-17_2901,2016-02-17,2901,欣欣,twse,26.00,26.25,25.80,26.25,13002,337808,-0.25,,73043283,15,,
2016-02-17_2903,2016-02-17,2903,遠百,twse,16.85,16.95,16.80,16.90,1019684,17202655,-0.05,,1416940589,368,,
2016-02-17_2904,2016-02-17,2904,匯僑,twse,26.45,26.45,26.20,26.20,78355,2059349,0.05,,69034432,42,,
2016-02-17_2905,2016-02-17,2905,三商,twse,19.70,19.70,19.55,19.55,303682,5954880,-0.25,,681340902,180,,
2016-02-17_2906,2016-02-17,2906,高林,twse,11.40,11.45,11.35,11.35,66714,760318,-0.1,,211981678,25,,
2016-02-17_2908,2016-02-17,2908,特力,twse,20.30,20.80,20.20,20.75,530725,10872956,0.15,,509887558,185,,
2016-02-17_2910,2016-02-17,2910,統領,twse,23.00,23.00,23.00,23.00,1000,23000,-0.1,down,208725000,1,,
2016-02-17_2911,2016-02-17,2911,麗嬰房,twse,16.00,16.20,15.75,15.75,572349,9099425,-0.15,,205377775,307,,
2016-02-17_2912,2016-02-17,2912,統一超,twse,225.50,225.50,218.50,220.50,904062,199408159,-3.5,,1039622255,823,,
2016-02-17_2913,2016-02-17,2913,農林,twse,13.90,13.90,13.80,13.85,446692,6179355,-0.05,,770000000,228,,
2016-02-17_2915,2016-02-17,2915,潤泰全,twse,58.30,58.30,57.60,57.70,1417266,82081437,-0.2,,941434323,965,,
2016-02-17_2916,2016-02-17,2916,滿心,tpex,17.25,17.35,17.20,17.25,27000,466300,0.05,,54626878,12,,
2016-02-17_2923,2016-02-17,2923,鼎固-KY,twse,19.30,19.70,19.05,19.05,47000,905500,-0.15,,1740296982,33,,
2016-02-17_2924,2016-02-17,2924,F-東凌,tpex,59.70,59.70,58.50,59.20,15000,889000,-0.50,,35105174,12,,
2016-02-17_2926,2016-02-17,2926,誠品生,tpex,209.50,214.00,206.50,209.00,47000,9831500,-4.00,,45133000,42,,
2016-02-17_2928,2016-02-17,2928,F-紅馬,tpex,58.00,61.10,55.00,61.10,1185000,68266200,5.50,,47301154,575,,
2016-02-17_2929,2016-02-17,2929,淘帝-KY,twse,120.00,120.00,118.00,118.50,484300,57684200,0.5,,58080000,393,,
2016-02-17_3002,2016-02-17,3002,歐格,twse,10.40,10.45,10.40,10.45,21000,218900,0.05,,102000000,11,,
2016-02-17_3003,2016-02-17,3003,健和興,twse,36.00,36.55,36.00,36.15,368065,13376249,0.0,,153965865,259,,
2016-02-17_3004,2016-02-17,3004,豐達科,twse,57.20,59.50,57.00,58.60,1025155,59908233,1.6,,52647155,584,,
2016-02-17_3005,2016-02-17,3005,神基,twse,20.60,20.90,20.50,20.70,3197010,66240541,0.15,,582036150,1320,,
2016-02-17_3006,2016-02-17,3006,晶豪科,twse,28.45,29.00,28.20,28.30,2231316,63921839,0.05,,272424115,1042,,
2016-02-17_3008,2016-02-17,3008,大立光,twse,2555.00,2575.00,2455.00,2455.00,1547047,3865141560,-115.0,,134140197,1507,,
2016-02-17_3010,2016-02-17,3010,華立,twse,44.00,44.10,43.80,44.10,37051,1630298,0.0,,231390138,35,,
2016-02-17_3011,2016-02-17,3011,今皓,twse,7.39,7.39,7.28,7.28,139440,1019914,-0.04,,112719251,65,,
2016-02-17_3013,2016-02-17,3013,晟銘電,twse,16.30,16.80,16.30,16.40,903000,14967450,0.25,,177935018,481,,
2016-02-17_3014,2016-02-17,3014,聯陽,twse,28.30,28.65,28.05,28.30,381244,10826765,0.0,,157874324,251,,
2016-02-17_3015,2016-02-17,3015,全漢,twse,21.90,22.25,21.75,22.25,346791,7678576,0.4,,192261950,152,,
2016-02-17_3016,2016-02-17,3016,嘉晶,twse,16.30,16.30,16.30,16.30,714182,11641161,1.45,up,243575315,326,,
2016-02-17_3017,2016-02-17,3017,奇鋐,twse,30.25,30.85,30.00,30.10,8699884,264147959,0.1,,353310157,4171,,
2016-02-17_3018,2016-02-17,3018,隆銘綠能,twse,15.10,15.45,15.00,15.40,84018,1268723,0.4,,52423930,61,,
2016-02-17_3019,2016-02-17,3019,亞光,twse,31.30,31.85,30.90,31.00,2768824,87167044,0.0,,281083901,1368,,
2016-02-17_3021,2016-02-17,3021,鴻名,twse,12.10,12.10,11.60,11.70,25000,292200,-0.35,,107959407,12,,
2016-02-17_3022,2016-02-17,3022,威強電,twse,39.00,39.35,38.95,38.95,262224,10266320,0.0,,328314425,215,,
2016-02-17_3023,2016-02-17,3023,信邦,twse,65.30,65.30,63.80,64.00,3822659,246376889,-1.3,,215262465,2544,,
2016-02-17_3024,2016-02-17,3024,憶聲,twse,3.60,3.60,3.56,3.57,154240,552208,-0.06,,282157496,48,,
2016-02-17_3025,2016-02-17,3025,星通,twse,10.30,10.35,10.25,10.30,174038,1792683,0.0,,70920550,111,,
2016-02-17_3026,2016-02-17,3026,禾伸堂,twse,33.00,33.50,32.70,33.50,168791,5602891,0.5,,224215398,127,,
2016-02-17_3027,2016-02-17,3027,盛達,twse,13.45,13.45,13.10,13.35,703415,9351165,-0.1,,97634380,320,,
2016-02-17_3028,2016-02-17,3028,增你強,twse,16.20,16.25,16.15,16.20,144431,2337709,0.05,,213799864,81,,
2016-02-17_3029,2016-02-17,3029,零壹,twse,17.50,17.75,17.30,17.30,1059707,18561505,0.0,,121193297,553,,
2016-02-17_3030,2016-02-17,3030,德律,twse,44.45,44.55,44.05,44.30,604360,26785154,0.3,,236216000,460,,
2016-02-17_3031,2016-02-17,3031,佰鴻,twse,9.15,9.15,8.92,8.92,211000,1901890,-0.12,,196674224,104,,
2016-02-17_3032,2016-02-17,3032,偉訓,twse,25.70,26.20,25.40,25.65,698313,17984905,0.0,,103285626,348,,
2016-02-17_3033,2016-02-17,3033,威健,twse,19.10,19.50,19.05,19.25,144527,2778217,0.2,,277423931,112,,
2016-02-17_3034,2016-02-17,3034,聯詠,twse,137.50,138.50,133.00,133.00,4131336,561194852,-2.5,,608511469,2999,,
2016-02-17_3035,2016-02-17,3035,智原,twse,47.00,47.40,46.40,46.80,1419115,66773139,0.0,,248550313,1066,,
2016-02-17_3036,2016-02-17,3036,文曄,twse,37.90,38.40,37.80,38.10,2515175,95730300,0.5,,447637704,1445,,
2016-02-17_3037,2016-02-17,3037,欣興,twse,15.40,15.85,15.35,15.55,18369849,287314290,0.2,,1538605996,5123,,
2016-02-17_3038,2016-02-17,3038,全台,twse,10.40,10.50,10.20,10.30,1118562,11550235,0.0,,200907603,301,,
2016-02-17_3040,2016-02-17,3040,遠見,twse,30.00,30.10,29.80,30.10,26499,795218,0.2,,63000000,16,,
2016-02-17_3041,2016-02-17,3041,揚智,twse,25.80,27.80,25.20,25.35,22827950,605570726,-0.3,,303011071,10223,,
2016-02-17_3042,2016-02-17,3042,晶技,twse,36.65,37.00,36.00,36.40,1505073,54870392,0.1,,309757040,766,,
2016-02-17_3043,2016-02-17,3043,科風,twse,2.70,3.00,2.70,3.00,82255,231080,0.26,,194878166,34,,
2016-02-17_3044,2016-02-17,3044,健鼎,twse,58.20,58.20,56.00,56.60,1143361,65033382,-1.0,,525605898,918,,
2016-02-17_3045,2016-02-17,3045,台灣大,twse,101.00,102.00,100.50,101.50,4391640,444515957,1.5,,3420832827,2040,,
2016-02-17_3046,2016-02-17,3046,建碁,twse,9.38,9.38,9.15,9.33,13702,126718,0.03,,118627664,15,,
2016-02-17_3047,2016-02-17,3047,訊舟,twse,11.80,12.00,11.60,11.60,2445497,28810705,-0.1,,198888963,826,,
2016-02-17_3048,2016-02-17,3048,益登,twse,17.70,18.35,17.60,18.15,778240,14037725,0.35,,202338672,415,,
2016-02-17_3049,2016-02-17,3049,精金,twse,8.30,8.50,8.21,8.37,5543032,46472039,0.11,,736948529,1526,,
2016-02-17_3050,2016-02-17,3050,鈺德,twse,7.85,7.94,7.83,7.92,114801,903863,0.09,,152067136,63,,
2016-02-17_3051,2016-02-17,3051,力特,twse,5.69,5.69,5.51,5.52,384076,2151853,-0.12,,325332396,212,,
2016-02-17_3052,2016-02-17,3052,夆典,twse,9.40,9.40,9.27,9.32,175518,1636212,-0.03,,233004554,66,,
2016-02-17_3054,2016-02-17,3054,立萬利,twse,18.30,18.30,18.00,18.00,43576,787703,-0.2,,108054168,46,,
2016-02-17_3055,2016-02-17,3055,蔚華科,twse,21.00,21.50,20.75,21.00,2609258,55288403,0.3,,132542755,1051,,
2016-02-17_3056,2016-02-17,3056,富華新,twse,12.05,12.05,11.95,12.00,246406,2957840,0.0,,229347088,72,,
2016-02-17_3057,2016-02-17,3057,喬鼎,twse,20.45,21.35,20.30,21.10,4387525,91825125,0.95,,161295213,2039,,
2016-02-17_3058,2016-02-17,3058,立德,twse,8.62,8.72,8.53,8.72,169843,1470166,0.19,,171519351,90,,
2016-02-17_3059,2016-02-17,3059,華晶科,twse,27.50,27.55,27.00,27.10,1355399,36867587,-0.3,,272693825,833,,
2016-02-17_3060,2016-02-17,3060,銘異,twse,52.30,52.50,51.20,51.40,1913009,98879777,-0.6,,174201987,1212,,
2016-02-17_3062,2016-02-17,3062,建漢,twse,20.85,21.80,20.60,20.80,6552550,139453800,0.15,,329011418,2914,,
2016-02-17_3064,2016-02-17,3064,泰偉,tpex,26.40,26.65,25.50,26.65,883000,23343850,2.40,,72105141,413,,
2016-02-17_3066,2016-02-17,3066,李洲,tpex,7.74,7.90,7.74,7.90,4000,31280,-0.10,,83070612,3,,
2016-02-17_3067,2016-02-17,3067,全域,tpex,12.50,12.50,12.50,12.50,1000,12500,0.00,flat,29025240,1,,
2016-02-17_3068,2016-02-17,3068,美磊,tpex,42.95,44.40,42.65,43.15,750000,32713350,0.00,,85382004,394,,
2016-02-17_3071,2016-02-17,3071,協禧,tpex,6.58,6.67,6.50,6.54,35000,229320,0.04,,146067876,23,,
2016-02-17_3073,2016-02-17,3073,普格,tpex,9.35,9.35,9.35,9.35,1000,9350,0.25,up,46463665,1,,
2016-02-17_3078,2016-02-17,3078,僑威,tpex,21.85,22.85,21.80,22.50,3384000,75871200,0.70,,227391064,1299,,
2016-02-17_3081,2016-02-17,3081,聯亞,tpex,502.00,514.00,495.50,505.00,548000,277721500,3.00,,69909752,504,,
2016-02-17_3083,2016-02-17,3083,網龍,tpex,38.20,38.30,37.50,37.50,217000,8211050,-0.45,,85704358,164,,
2016-02-17_3085,2016-02-17,3085,久大,tpex,6.44,6.44,5.88,6.00,5000,30350,-0.06,,71226713,4,,
2016-02-17_3086,2016-02-17,3086,華義,tpex,12.00,12.00,11.65,11.90,189000,2229850,-0.30,,59811742,90,,
2016-02-17_3088,2016-02-17,3088,艾訊,tpex,69.00,69.00,67.30,67.90,264000,17933000,-0.10,,79031034,207,,
2016-02-17_3089,2016-02-17,3089,遠昇,tpex,10.05,10.05,9.80,9.90,17000,167450,-0.40,,73890463,9,,
2016-02-17_3090,2016-02-17,3090,日電貿,twse,22.20,22.25,22.15,22.25,80473,1787273,0.05,,166969299,56,,
2016-02-17_3092,2016-02-17,3092,鴻碩,tpex,14.60,15.50,14.60,15.05,131000,1965900,0.50,,63471690,78,,
2016-02-17_3093,2016-02-17,3093,港建,tpex,,,,,0,0,,,36288894,0,無成交,
2016-02-17_3094,2016-02-17,3094,聯傑,twse,24.60,24.95,24.45,24.55,495106,12229094,0.15,,83255089,334,,
2016-02-17_3095,2016-02-17,3095,及成,tpex,4.89,5.35,4.87,5.35,308000,1608300,0.48,,109276321,111,,
2016-02-17_3105,2016-02-17,3105,穩懋,tpex,55.40,55.50,53.90,54.60,4636000,251977300,-0.40,,596564062,2754,,
2016-02-17_3114,2016-02-17,3114,好德,tpex,12.65,12.70,12.40,12.60,22000,275300,-0.05,,50013691,16,,
2016-02-17_3115,2016-02-17,3115,寶島極,tpex,13.60,13.70,13.50,13.55,33000,448750,0.00,,43697600,16,,
2016-02-17_3118,2016-02-17,3118,進階,tpex,36.20,36.90,36.20,36.60,77000,2821350,0.45,,32452860,56,,
2016-02-17_3122,2016-02-17,3122,笙泉,tpex,15.30,15.60,15.10,15.25,68000,1036850,-0.05,,39299934,38,,
2016-02-17_3128,2016-02-17,3128,昇銳,tpex,14.15,14.85,14.15,14.80,125000,1818150,0.65,,42000000,82,,
2016-02-17_3130,2016-02-17,3130,一零四,twse,137.50,137.50,135.00,137.50,19000,2602000,0.0,,33123700,13,,
2016-02-17_3131,2016-02-17,3131,弘塑,tpex,230.00,241.50,226.00,233.50,557000,131440000,6.00,,24683843,514,,
2016-02-17_3141,2016-02-17,3141,晶宏,tpex,28.40,29.70,27.90,29.70,8192000,239212100,2.70,,62434769,2836,,
2016-02-17_3144,2016-02-17,3144,新揚科,tpex,14.85,15.30,14.70,14.70,550000,8291600,-0.35,,100637750,149,,
2016-02-17_3149,2016-02-17,3149,正達,twse,11.45,11.45,11.15,11.15,303007,3414584,-0.05,,268441959,188,,
2016-02-17_3152,2016-02-17,3152,璟德,tpex,190.00,193.00,186.50,188.00,438000,82867000,-1.00,,69016200,383,,
2016-02-17_3162,2016-02-17,3162,精確,tpex,5.28,5.34,5.28,5.34,3000,15900,0.06,,56531342,3,,
2016-02-17_3163,2016-02-17,3163,波若威,tpex,35.70,37.80,35.15,37.40,2944000,108543200,1.90,,72926481,1878,,
2016-02-17_3164,2016-02-17,3164,景岳,twse,23.40,25.55,23.40,25.55,931994,23307745,2.3,,88911864,578,,
2016-02-17_3167,2016-02-17,3167,大量,twse,26.40,26.45,26.25,26.35,62204,1640984,0.0,,79978579,45,,
2016-02-17_3169,2016-02-17,3169,亞信,tpex,27.00,27.25,26.80,27.20,280000,7562200,0.50,,51758922,119,,
2016-02-17_3171,2016-02-17,3171,新洲,tpex,19.65,19.65,19.40,19.40,7000,136350,-0.20,,59203515,7,,
2016-02-17_3176,2016-02-17,3176,基亞,tpex,77.50,78.20,77.00,77.10,467000,36213700,0.10,,138685505,377,,
2016-02-17_3188,2016-02-17,3188,安茂,tpex,,,,,0,0,,,61295120,0,無成交,
2016-02-17_3189,2016-02-17,3189,景碩,twse,74.90,75.50,73.60,73.60,3254330,242460584,-0.9,,446000000,2101,,
2016-02-17_3191,2016-02-17,3191,和進,tpex,17.60,17.75,17.60,17.60,99000,1749850,0.05,,54694761,35,,
2016-02-17_3202,2016-02-17,3202,樺晟,tpex,7.40,7.40,7.34,7.38,1129000,8307790,0.03,,96687192,184,,
2016-02-17_3205,2016-02-17,3205,佰研,tpex,310.00,321.00,310.00,312.50,580000,183007500,-1.50,,28428830,485,,
2016-02-17_3206,2016-02-17,3206,志豐,tpex,21.35,21.60,21.25,21.35,188000,4015650,0.00,,43616002,107,,
2016-02-17_3207,2016-02-17,3207,耀勝,tpex,7.06,7.06,7.00,7.00,3000,21110,0.04,,38259225,3,,
2016-02-17_3209,2016-02-17,3209,全科,twse,26.15,26.55,25.95,26.30,497991,13072110,0.3,,119419093,250,,
2016-02-17_3211,2016-02-17,3211,順達,tpex,47.00,47.00,46.35,46.90,171000,7959500,-0.10,,151968521,126,,
2016-02-17_3213,2016-02-17,3213,茂訊,tpex,39.50,39.60,39.25,39.55,48000,1891750,0.30,,58685547,33,,
2016-02-17_3217,2016-02-17,3217,優群,tpex,13.20,13.20,13.05,13.10,20000,262500,-0.10,,82104203,13,,
2016-02-17_3218,2016-02-17,3218,大學光,tpex,24.55,24.60,24.30,24.55,71000,1738850,-0.05,,66123000,54,,
2016-02-17_3219,2016-02-17,3219,倚強,tpex,9.91,9.91,9.90,9.90,6000,59450,0.50,,23300417,4,,
2016-02-17_3221,2016-02-17,3221,台嘉碩,tpex,27.60,27.70,25.60,25.95,4298000,114155050,-0.95,,86143260,2035,,
2016-02-17_3224,2016-02-17,3224,三顧,tpex,30.90,32.50,30.70,31.80,487000,15448400,1.10,,40000000,299,,
2016-02-17_3226,2016-02-17,3226,至寶電,tpex,72.00,72.00,71.40,71.70,58000,4158900,0.00,,64430573,23,,
2016-02-17_3227,2016-02-17,3227,原相,tpex,73.60,74.50,72.50,73.10,1508000,110779300,0.10,,133192771,1130,,
2016-02-17_3228,2016-02-17,3228,金麗科,tpex,19.00,19.10,18.70,19.05,78000,1484000,0.05,,62792705,17,,
2016-02-17_3229,2016-02-17,3229,晟鈦,twse,13.90,14.25,13.55,14.00,199002,2784528,0.2,,93515881,113,,
2016-02-17_3230,2016-02-17,3230,錦明,tpex,5.75,5.75,5.57,5.64,227000,1278340,-0.11,,109746524,46,,
2016-02-17_3231,2016-02-17,3231,緯創,twse,18.50,19.30,18.50,19.30,23878897,451084960,1.0,,2555482428,7625,,
2016-02-17_3232,2016-02-17,3232,昱捷,tpex,24.05,24.05,24.05,24.05,1000,24050,0.10,up,31567865,1,,
2016-02-17_3234,2016-02-17,3234,光環,tpex,88.10,91.50,86.70,90.50,7394000,664366800,3.50,,103826089,4978,,
2016-02-17_3236,2016-02-17,3236,千如,tpex,12.40,13.05,12.30,13.00,678000,8669750,0.70,,60379413,296,,
2016-02-17_3252,2016-02-17,3252,海灣,tpex,17.90,20.00,17.90,19.50,23000,441100,0.50,,21708478,17,,
2016-02-17_3257,2016-02-17,3257,虹冠電,twse,40.95,41.45,40.70,41.15,160275,6578943,0.2,,60042208,97,,
2016-02-17_3259,2016-02-17,3259,鑫創,tpex,34.30,34.45,32.90,33.60,255000,8577850,-0.70,,80859553,169,,
2016-02-17_3260,2016-02-17,3260,威剛,tpex,32.25,33.40,32.25,33.30,1105000,36410350,1.15,,229973374,772,,
2016-02-17_3264,2016-02-17,3264,欣銓,tpex,21.70,22.10,21.55,22.10,2808000,61495750,0.50,,480890209,1512,,
2016-02-17_3265,2016-02-17,3265,台星科,tpex,17.30,17.85,17.20,17.80,523000,9208650,0.60,,136261659,283,,
2016-02-17_3266,2016-02-17,3266,昇陽,twse,10.65,10.80,10.65,10.80,18000,193900,0.25,,352314309,13,,
2016-02-17_3268,2016-02-17,3268,海德威,tpex,13.60,14.05,13.60,13.70,29000,398950,0.10,,33426272,24,,
2016-02-17_3272,2016-02-17,3272,東碩,tpex,54.10,55.20,53.80,54.30,426000,23220700,0.60,,52264966,343,,
2016-02-17_3276,2016-02-17,3276,宇環,tpex,8.00,8.00,7.80,7.98,12000,95200,0.01,,69712666,7,,
2016-02-17_3284,2016-02-17,3284,太普高,tpex,9.09,9.14,9.04,9.14,57000,516760,0.00,,60663790,18,,
2016-02-17_3285,2016-02-17,3285,微端,tpex,26.35,26.70,26.30,26.40,57000,1509800,0.30,,44109324,44,,
2016-02-17_3287,2016-02-17,3287,廣寰科,tpex,7.14,7.19,7.05,7.11,105000,744590,-0.07,,43970483,44,,
2016-02-17_3288,2016-02-17,3288,點晶,tpex,7.10,7.81,7.10,7.81,87000,670940,0.71,,48475148,29,,
2016-02-17_3289,2016-02-17,3289,宜特,tpex,102.50,105.00,101.00,102.50,2207000,227183500,0.50,,50483039,1565,,
2016-02-17_3290,2016-02-17,3290,東浦,tpex,13.25,13.25,13.00,13.00,56000,732850,-0.15,,99548926,27,,
2016-02-17_3291,2016-02-17,3291,遠翔科,tpex,12.35,12.90,12.35,12.90,126000,1604700,0.40,,35561400,65,,
2016-02-17_3293,2016-02-17,3293,鈊象,tpex,191.50,199.00,188.00,196.50,2702000,520665000,5.00,,69666890,2021,,
2016-02-17_3294,2016-02-17,3294,英濟,tpex,13.45,13.65,13.20,13.45,127000,1714600,0.10,,130234419,76,,
2016-02-17_3296,2016-02-17,3296,勝德,twse,12.40,12.50,12.05,12.50,93266,1158898,0.15,,109116450,28,,
2016-02-17_3297,2016-02-17,3297,杭特,tpex,17.30,17.30,17.10,17.25,30000,514200,-0.20,,35581245,9,,
2016-02-17_3299,2016-02-17,3299,帛漢,tpex,52.60,52.90,51.60,51.70,573000,29864000,-0.80,,56931841,412,,
2016-02-17_3303,2016-02-17,3303,岱稜,tpex,18.10,18.25,18.10,18.20,180000,3267250,0.00,,97361607,67,,
2016-02-17_3305,2016-02-17,3305,昇貿,twse,25.70,26.50,25.60,25.70,260049,6794601,0.2,,121489271,133,,
2016-02-17_3306,2016-02-17,3306,鼎天,tpex,22.60,23.00,22.20,22.30,43000,964050,-0.20,,50607702,22,,
2016-02-17_3308,2016-02-17,3308,聯德,twse,6.85,6.90,6.85,6.85,45782,313866,-0.05,,99949663,16,,
2016-02-17_3310,2016-02-17,3310,佳穎,tpex,12.70,12.75,12.60,12.60,29000,366500,-0.10,,111691710,20,,
2016-02-17_3311,2016-02-17,3311,閎暉,twse,18.20,18.20,17.85,17.95,546904,9854049,-0.25,,189383816,314,,
2016-02-17_3312,2016-02-17,3312,弘憶股,twse,6.43,6.43,6.35,6.40,23293,148630,0.0,,108500799,34,,
2016-02-17_3313,2016-02-17,3313,斐成,tpex,6.39,6.39,6.25,6.33,25000,157910,0.01,,83770776,13,,
2016-02-17_3315,2016-02-17,3315,宣昶,twse,15.30,15.35,15.05,15.25,28231,427205,0.25,,70281331,49,,
2016-02-17_3317,2016-02-17,3317,尼克森,tpex,11.00,11.00,10.85,10.85,81000,884100,-0.05,,61251550,41,,
2016-02-17_3321,2016-02-17,3321,同泰,twse,25.05,27.40,25.00,26.05,402000,10441900,1.0,,89000000,264,,
2016-02-17_3322,2016-02-17,3322,建舜電,tpex,11.10,11.15,10.75,11.10,594000,6535050,0.20,,86415616,206,,
2016-02-17_3323,2016-02-17,3323,加百裕,tpex,17.80,17.80,17.70,17.70,25000,444900,-0.10,,90299914,14,,
2016-02-17_3324,2016-02-17,3324,雙鴻,tpex,61.30,64.50,59.90,62.90,5448000,340851200,1.30,,71136245,3445,,
2016-02-17_3325,2016-02-17,3325,旭品,tpex,14.45,15.00,14.45,14.80,141000,2088700,0.20,,77134579,76,,
2016-02-17_3332,2016-02-17,3332,幸康,tpex,37.85,37.85,37.80,37.80,2000,75650,0.00,,48104246,2,,
2016-02-17_3338,2016-02-17,3338,泰碩,twse,26.25,26.90,26.05,26.90,833064,22066883,0.65,,69612214,471,,
2016-02-17_3339,2016-02-17,3339,泰谷,tpex,3.35,3.51,3.32,3.47,49000,167770,0.16,,275304842,23,,
2016-02-17_3354,2016-02-17,3354,律勝,tpex,8.36,8.54,8.36,8.42,16000,135110,-0.02,,82485206,11,,
2016-02-17_3356,2016-02-17,3356,奇偶,twse,71.90,72.50,71.50,72.00,97349,7026056,0.5,,77556706,108,,
2016-02-17_3360,2016-02-17,3360,尚立,tpex,15.20,15.85,15.10,15.40,1061000,16418900,0.40,,75456054,610,,
2016-02-17_3362,2016-02-17,3362,先進光,tpex,13.20,13.65,13.20,13.35,75000,996750,-0.05,,93378000,40,,
2016-02-17_3363,2016-02-17,3363,上詮,tpex,27.50,27.55,26.90,27.05,83000,2260400,-0.25,,76599145,50,,
2016-02-17_3372,2016-02-17,3372,典範,tpex,7.47,7.54,7.40,7.48,246000,1842670,0.00,,409400000,56,,
2016-02-17_3373,2016-02-17,3373,熱映,tpex,25.30,25.30,24.70,24.80,175000,4358450,0.05,,43289801,103,,
2016-02-17_3374,2016-02-17,3374,精材,tpex,29.20,30.55,29.10,29.95,1993000,59658050,0.90,,268876131,1075,,
2016-02-17_3376,2016-02-17,3376,新日興,twse,109.00,111.00,108.00,109.00,1192309,130890181,0.0,,178725346,743,,
2016-02-17_3379,2016-02-17,3379,彬台,tpex,12.20,12.65,11.80,12.30,102000,1247700,0.10,,38041748,41,,
2016-02-17_3380,2016-02-17,3380,明泰,twse,16.00,16.35,15.75,16.05,4080060,65811398,0.2,,442914360,1531,,
2016-02-17_3383,2016-02-17,3383,新世紀,twse,7.40,7.50,7.34,7.37,336429,2490499,-0.03,,318067728,171,,
2016-02-17_3388,2016-02-17,3388,崇越電,tpex,62.70,63.10,62.50,63.00,19000,1194600,0.50,,64346000,15,,
2016-02-17_3390,2016-02-17,3390,旭軟,tpex,14.15,14.15,14.00,14.05,67000,940750,-0.10,,65845059,40,,
2016-02-17_3402,2016-02-17,3402,漢科,tpex,14.05,14.10,13.85,13.90,180000,2509150,-0.10,,73047692,94,,
2016-02-17_3406,2016-02-17,3406,玉晶光,twse,54.00,54.70,53.60,54.40,1018502,55178307,0.5,,99771063,861,,
2016-02-17_3413,2016-02-17,3413,京鼎,twse,95.00,98.80,93.40,95.30,5322454,513349056,2.0,,68000000,3702,,
2016-02-17_3416,2016-02-17,3416,融程電,twse,51.50,52.00,51.10,51.10,66024,3400030,-0.4,,60181447,39,,
2016-02-17_3419,2016-02-17,3419,譁裕,twse,17.30,17.30,17.05,17.10,635008,10885686,-0.25,,120700417,284,,
2016-02-17_3428,2016-02-17,3428,光燿科,tpex,55.00,55.40,53.70,54.20,3964000,216289500,0.00,,95148000,2452,,
2016-02-17_3431,2016-02-17,3431,長天,tpex,6.49,6.49,6.38,6.43,117000,752810,0.07,,35458704,37,,
2016-02-17_3432,2016-02-17,3432,台端,twse,12.00,12.00,11.70,11.75,34699,410478,0.05,,66586000,25,,
2016-02-17_3434,2016-02-17,3434,哲固,tpex,12.95,12.95,12.95,12.95,2000,25900,-0.20,down,22700000,1,,
2016-02-17_3437,2016-02-17,3437,榮創,twse,28.40,28.45,27.50,27.60,1042672,28996163,-0.3,,146688000,613,,
2016-02-17_3438,2016-02-17,3438,類比科,tpex,16.60,17.15,16.60,16.85,75000,1271850,0.20,,38930615,49,,
2016-02-17_3441,2016-02-17,3441,聯一光,tpex,11.80,11.95,11.60,11.85,296000,3488350,0.10,,40039920,109,,
2016-02-17_3443,2016-02-17,3443,創意,twse,75.40,76.30,72.80,73.20,2859557,212935699,-1.0,,134011911,1629,,
2016-02-17_3444,2016-02-17,3444,利機,tpex,16.05,16.30,15.70,16.20,7000,111850,-0.20,,39114586,7,,
2016-02-17_3450,2016-02-17,3450,聯鈞,twse,134.00,137.50,132.50,132.50,2373181,319814392,-1.5,,91970569,1721,,
2016-02-17_3452,2016-02-17,3452,益通,tpex,11.90,12.60,11.90,12.30,2298000,28190500,0.50,,779449742,854,,
2016-02-17_3454,2016-02-17,3454,晶睿,twse,81.60,82.40,80.70,81.20,898432,73405892,0.0,,77256521,615,,
2016-02-17_3455,2016-02-17,3455,由田,tpex,33.10,33.90,32.80,33.05,3150000,104965700,-0.25,,61148750,1726,,
2016-02-17_3465,2016-02-17,3465,祥業,tpex,9.80,9.81,9.80,9.81,2000,19610,0.89,,26320669,2,,
2016-02-17_3466,2016-02-17,3466,致振,tpex,21.55,21.55,20.50,21.50,35000,734600,-0.05,,60887573,19,,
2016-02-17_3474,2016-02-17,3474,華亞科,twse,28.55,28.60,28.45,28.45,11081236,315949122,-0.1,,6558574000,3086,,
2016-02-17_3479,2016-02-17,3479,安勤,tpex,72.00,77.20,71.00,77.20,5390000,402438200,7.00,,68333164,3577,,
2016-02-17_3481,2016-02-17,3481,群創,twse,9.28,9.30,9.05,9.05,41261007,378180681,-0.23,,9953237177,8951,,
2016-02-17_3483,2016-02-17,3483,力致,tpex,13.20,14.35,13.15,14.35,1326000,18942200,1.30,,48960000,352,,
2016-02-17_3484,2016-02-17,3484,崧騰,tpex,43.05,44.45,43.00,43.90,2980000,130979100,1.85,,64560034,1916,,
2016-02-17_3489,2016-02-17,3489,森寶,tpex,9.35,9.36,9.21,9.21,18000,167620,-0.24,,83130670,10,,
2016-02-17_3490,2016-02-17,3490,單井,tpex,68.80,69.00,68.10,68.20,315000,21587200,-0.10,,62341847,270,,
2016-02-17_3491,2016-02-17,3491,昇達科,tpex,66.00,66.60,65.60,65.70,358000,23628300,-0.50,,51487241,288,,
2016-02-17_3492,2016-02-17,3492,長盛,tpex,35.80,36.10,33.85,36.00,1759000,61807100,0.40,,35531600,1317,,
2016-02-17_3494,2016-02-17,3494,誠研,twse,12.10,12.45,11.85,12.00,1749000,21309100,-0.1,,179450634,535,,
2016-02-17_3498,2016-02-17,3498,陽程,tpex,63.50,66.20,63.40,64.20,4731000,306619300,2.80,,92055631,3038,,
2016-02-17_3499,2016-02-17,3499,環天科,tpex,17.40,17.75,17.20,17.50,294000,5130700,0.35,,54970596,202,,
2016-02-17_3501,2016-02-17,3501,維熹,twse,49.80,49.85,49.15,49.15,382025,18878483,-0.45,,115764927,280,,
2016-02-17_3504,2016-02-17,3504,揚明光,twse,32.60,33.40,32.60,33.10,155003,5111599,-0.15,,114059785,128,,
2016-02-17_3508,2016-02-17,3508,位速,tpex,12.85,13.10,12.55,12.65,291000,3725450,0.05,,92837737,150,,
2016-02-17_3511,2016-02-17,3511,矽瑪,tpex,28.95,30.10,28.15,29.65,2325000,68270150,1.60,,38972945,1533,,
2016-02-17_3512,2016-02-17,3512,能緹,tpex,25.85,26.00,25.65,26.00,53000,1370950,0.50,,59000000,27,,
2016-02-17_3514,2016-02-17,3514,昱晶,twse,31.90,32.10,31.00,31.00,10612154,335278924,-0.6,,449516757,5020,,
2016-02-17_3515,2016-02-17,3515,華擎,twse,40.60,42.50,40.60,42.10,231448,9691266,1.35,,115041629,160,,
2016-02-17_3516,2016-02-17,3516,亞帝歐,tpex,8.02,8.08,7.93,7.94,44000,351540,-0.08,,69083650,20,,
2016-02-17_3518,2016-02-17,3518,柏騰,twse,27.40,28.40,27.40,27.95,344002,9607210,0.55,,86507230,185,,
2016-02-17_3519,2016-02-17,3519,綠能,twse,23.95,24.60,23.55,23.60,16015587,384771936,0.05,,414261474,6059,,
2016-02-17_3520,2016-02-17,3520,振維,tpex,92.00,94.20,90.90,92.90,660000,61109600,0.00,,53394222,462,,
2016-02-17_3521,2016-02-17,3521,鴻翊,tpex,11.30,11.50,11.25,11.45,26000,294800,-0.25,,46730575,14,,
2016-02-17_3522,2016-02-17,3522,宏森,tpex,9.88,10.00,9.88,9.95,142000,1411820,0.07,,46950000,38,,
2016-02-17_3523,2016-02-17,3523,迎輝,tpex,27.60,27.70,27.30,27.55,71000,1950650,-0.05,,96099560,50,,
2016-02-17_3526,2016-02-17,3526,凡甲,tpex,29.85,29.85,27.20,27.25,626000,17638450,-1.95,,64424384,403,,
2016-02-17_3527,2016-02-17,3527,聚積,tpex,43.60,43.60,43.00,43.20,63000,2735600,-0.25,,32656398,29,,
2016-02-17_3528,2016-02-17,3528,安馳,tpex,29.40,29.50,29.10,29.15,193000,5642150,-0.25,,61591102,118,,
2016-02-17_3529,2016-02-17,3529,力旺,tpex,367.50,373.00,365.00,365.00,389000,142843000,-1.50,,76832242,362,,
2016-02-17_3531,2016-02-17,3531,先益,tpex,13.55,13.90,13.50,13.90,48000,657950,0.35,,61175011,24,,
2016-02-17_3532,2016-02-17,3532,台勝科,twse,35.00,35.90,34.60,35.45,401000,14171700,0.05,,775696599,263,,
2016-02-17_3533,2016-02-17,3533,嘉澤,twse,120.50,121.50,118.00,118.00,724035,86525630,-2.0,,93477900,593,,
2016-02-17_3535,2016-02-17,3535,晶彩科,twse,9.99,10.10,9.58,9.58,2154500,21278996,0.32,,78597815,720,,
2016-02-17_3536,2016-02-17,3536,誠創,twse,5.10,5.10,5.00,5.05,90465,455425,-0.07,,96800000,31,,
2016-02-17_3537,2016-02-17,3537,堡達,tpex,20.30,20.70,20.05,20.40,341000,6955700,0.20,,48695220,129,,
2016-02-17_3540,2016-02-17,3540,曜越,tpex,13.25,13.30,13.00,13.15,52000,678850,-0.05,,66613044,34,,
2016-02-17_3541,2016-02-17,3541,西柏,tpex,85.40,86.80,84.40,85.20,181000,15471800,-0.20,,44653170,146,,
2016-02-17_3545,2016-02-17,3545,敦泰,twse,28.30,28.55,28.10,28.30,1241526,35227652,-0.1,,292916550,765,,
2016-02-17_3546,2016-02-17,3546,宇峻,tpex,32.80,32.80,31.35,31.90,93000,2962050,-0.30,,34520074,80,,
2016-02-17_3548,2016-02-17,3548,兆利,tpex,40.50,44.30,39.50,43.90,3515000,146804400,3.50,,50551398,2249,,
2016-02-17_3550,2016-02-17,3550,聯穎,twse,12.25,12.25,12.15,12.25,122016,1488945,0.0,,85000000,32,,
2016-02-17_3551,2016-02-17,3551,世禾,tpex,37.05,37.30,36.75,36.85,169000,6262400,-0.45,,56774890,136,,
2016-02-17_3552,2016-02-17,3552,同致,tpex,401.50,422.00,397.00,418.00,2713000,1114324000,23.50,,84426145,2356,,
2016-02-17_3553,2016-02-17,3553,力積,tpex,12.00,12.00,11.85,11.90,84000,1003100,-0.10,,67953344,39,,
2016-02-17_3555,2016-02-17,3555,擎泰,tpex,12.00,12.00,11.95,12.00,26000,311950,0.40,,40004721,20,,
2016-02-17_3556,2016-02-17,3556,禾瑞亞,tpex,54.50,56.40,53.50,55.20,815000,44971500,1.20,,54982133,564,,
2016-02-17_3557,2016-02-17,3557,嘉威,twse,3.86,3.86,3.70,3.76,29006,109378,-0.04,,109434160,20,,
2016-02-17_3558,2016-02-17,3558,神準,tpex,209.00,211.00,204.00,207.50,954000,197832500,0.00,,49060881,814,,
2016-02-17_3559,2016-02-17,3559,全智科,twse,18.80,18.95,18.65,18.80,437233,8214488,0.0,,119119039,207,,
2016-02-17_3561,2016-02-17,3561,昇陽光電,twse,18.55,19.05,18.50,18.80,4775063,89619481,0.4,,371299428,1939,,
2016-02-17_3562,2016-02-17,3562,頂晶科,tpex,,,,,0,0,,,52360000,0,無成交,
2016-02-17_3563,2016-02-17,3563,牧德,tpex,42.60,42.60,42.05,42.45,44000,1865000,-0.15,,42608234,36,,
2016-02-17_3564,2016-02-17,3564,其陽,tpex,55.30,55.70,54.40,54.60,141000,7791000,-0.70,,20400000,109,,
2016-02-17_3567,2016-02-17,3567,逸昌,tpex,13.50,13.80,13.50,13.70,63000,859400,0.20,,35581000,22,,
2016-02-17_3570,2016-02-17,3570,大塚,tpex,53.30,58.60,53.30,58.60,415000,23659000,5.30,,17097000,159,,
2016-02-17_3573,2016-02-17,3573,穎台,twse,26.20,26.25,26.20,26.20,960233,25158128,0.0,,126755453,302,,
2016-02-17_3576,2016-02-17,3576,聯合再生,twse,22.50,23.15,22.50,22.70,10494390,239169806,0.45,,858228480,4931,,
2016-02-17_3577,2016-02-17,3577,泓格,tpex,30.60,31.15,30.60,30.70,26000,799650,0.15,,43689403,20,,
2016-02-17_3579,2016-02-17,3579,尚志,twse,15.45,16.80,15.45,15.65,4533740,74657352,0.35,,115597348,1125,,
2016-02-17_3580,2016-02-17,3580,友威科,tpex,9.88,9.90,9.72,9.72,71000,697030,-0.16,,55706657,41,,
2016-02-17_3581,2016-02-17,3581,博磊,tpex,13.05,13.55,13.05,13.55,17000,228600,0.35,,51776000,12,,
2016-02-17_3583,2016-02-17,3583,辛耘,twse,69.00,71.40,68.70,70.30,340100,23890800,1.6,,81139000,242,,
2016-02-17_3584,2016-02-17,3584,介面,twse,3.90,3.96,3.89,3.94,379199,1482351,0.05,,140668170,128,,
2016-02-17_3587,2016-02-17,3587,閎康,tpex,59.50,63.50,59.50,62.50,978000,60876800,3.50,,46313157,714,,
2016-02-17_3588,2016-02-17,3588,通嘉,twse,30.20,30.35,29.60,30.00,153014,4592120,-0.2,,46380800,111,,
2016-02-17_3591,2016-02-17,3591,艾笛森,twse,16.20,16.20,15.80,15.95,121672,1940633,0.0,,132623179,86,,
2016-02-17_3593,2016-02-17,3593,力銘,twse,9.00,9.00,8.60,8.70,76016,659349,-0.2,,112743058,53,,
2016-02-17_3594,2016-02-17,3594,磐儀,tpex,27.20,28.10,26.85,27.55,375000,10366500,0.95,,56144543,291,,
2016-02-17_3596,2016-02-17,3596,智易,twse,47.85,49.10,47.10,48.00,13306684,639931558,-0.2,,189143840,7395,,
2016-02-17_3598,2016-02-17,3598,奕力,twse,49.60,49.65,49.60,49.65,100719,4997888,0.05,,71980129,62,,
2016-02-17_3605,2016-02-17,3605,宏致,twse,39.40,42.45,37.00,37.60,12013943,479088302,-1.4,,123901884,6797,,
2016-02-17_3607,2016-02-17,3607,谷崧,twse,44.90,44.90,44.15,44.90,399297,17756479,0.1,,124329106,292,,
2016-02-17_3609,2016-02-17,3609,東林,tpex,11.50,11.50,11.50,11.50,6000,69000,0.00,flat,30385387,2,,
2016-02-17_3611,2016-02-17,3611,鼎翰,tpex,270.00,276.00,265.50,272.50,125000,33923500,5.00,,38200400,118,,
2016-02-17_3615,2016-02-17,3615,安可,tpex,24.25,24.25,23.50,23.85,2115000,50544950,-0.05,,70584512,1004,,
2016-02-17_3617,2016-02-17,3617,碩天,twse,112.00,117.00,110.00,113.00,618200,70421500,3.0,,80773500,523,,
2016-02-17_3622,2016-02-17,3622,洋華,twse,10.55,10.70,10.55,10.60,210703,2233338,0.05,,151327600,117,,
2016-02-17_3623,2016-02-17,3623,富晶通,tpex,57.60,57.80,56.70,57.40,56000,3204700,0.40,,35732250,36,,
2016-02-17_3624,2016-02-17,3624,光頡,tpex,23.70,23.90,23.65,23.65,251000,5964050,0.00,,117340842,102,,
2016-02-17_3625,2016-02-17,3625,西勝,tpex,8.75,8.85,8.72,8.85,15000,131600,0.06,,56078000,12,,
2016-02-17_3628,2016-02-17,3628,盈正,tpex,49.20,49.20,48.50,48.60,55000,2679800,0.15,,45000000,43,,
2016-02-17_3629,2016-02-17,3629,卓韋,tpex,36.40,36.40,34.80,35.50,36000,1282000,0.30,,15000000,26,,
2016-02-17_3630,2016-02-17,3630,新鉅科,tpex,15.40,15.40,15.00,15.00,145000,2205800,-0.20,,101644960,94,,
2016-02-17_3631,2016-02-17,3631,晟楠,tpex,23.25,23.65,22.90,22.90,27000,622800,-0.80,,79920909,27,,
2016-02-17_3632,2016-02-17,3632,研勤,tpex,27.45,27.45,26.50,26.85,294000,7922300,-0.15,,30807738,196,,
2016-02-17_3642,2016-02-17,3642,駿熠電,tpex,33.95,33.95,32.15,32.15,1093000,36568850,-1.65,,30368642,220,,
2016-02-17_3645,2016-02-17,3645,達邁,twse,26.30,26.85,26.00,26.70,299106,7942936,0.7,,117388203,188,,
2016-02-17_3646,2016-02-17,3646,艾恩特,tpex,12.50,12.50,12.25,12.25,7000,86800,-0.20,,38584371,7,,
2016-02-17_3652,2016-02-17,3652,精聯,tpex,16.20,16.35,16.20,16.35,2000,32550,0.15,,46796000,2,,
2016-02-17_3653,2016-02-17,3653,健策,twse,41.00,41.70,41.00,41.45,91800,3809308,0.15,,106324149,81,,
2016-02-17_3658,2016-02-17,3658,漢微科,tpex,826.00,839.00,790.00,792.00,613000,494917000,-26.00,,71000000,590,,
2016-02-17_3661,2016-02-17,3661,世芯-KY,twse,35.00,36.95,34.10,35.00,1675035,59907125,1.4,,61567815,803,,
2016-02-17_3662,2016-02-17,3662,樂陞,tpex,80.00,80.00,76.40,76.40,3256000,253900100,-4.20,,126850493,1929,,
2016-02-17_3663,2016-02-17,3663,鑫科,tpex,15.25,15.30,15.10,15.25,33000,501300,-0.20,,73498057,26,,
2016-02-17_3664,2016-02-17,3664,F-安瑞,tpex,13.45,13.70,13.35,13.60,196000,2660000,0.25,,77804372,129,,
2016-02-17_3665,2016-02-17,3665,貿聯-KY,twse,168.00,168.50,163.00,164.50,2642326,436736111,-2.0,,91429442,2025,,
2016-02-17_3666,2016-02-17,3666,光耀,tpex,31.50,33.20,31.05,31.50,1016000,32722300,-0.20,,48299600,561,,
2016-02-17_3669,2016-02-17,3669,圓展,twse,15.45,15.45,15.00,15.30,85011,1293217,0.05,,98236950,49,,
2016-02-17_3672,2016-02-17,3672,康聯訊,tpex,34.35,34.35,33.80,33.90,91000,3094500,-0.45,,29407255,71,,
2016-02-17_3673,2016-02-17,3673,TPK-KY,twse,75.50,76.00,74.30,74.80,9782698,736544008,-0.1,,351386759,5566,,
2016-02-17_3675,2016-02-17,3675,德微,tpex,23.15,23.15,22.90,23.00,41000,945150,0.00,,44428250,23,,
2016-02-17_3679,2016-02-17,3679,新至陞,twse,41.10,41.60,41.10,41.60,41000,1700350,0.5,,80265286,19,,
2016-02-17_3680,2016-02-17,3680,家登,tpex,30.00,30.00,29.40,29.60,188000,5590250,0.45,,62460582,132,,
2016-02-17_3682,2016-02-17,3682,亞太電,twse,10.95,11.65,10.95,11.25,19146582,217808690,0.35,,4300627000,4752,,
2016-02-17_3684,2016-02-17,3684,榮昌,tpex,54.90,55.50,54.00,55.50,41000,2235000,0.60,,21430814,22,,
2016-02-17_3685,2016-02-17,3685,政翔,tpex,65.30,66.00,65.00,65.20,183000,11984300,0.20,,80000000,139,,
2016-02-17_3686,2016-02-17,3686,達能,twse,10.60,11.15,10.60,10.95,19397725,211578980,0.55,,349626799,5194,,
2016-02-17_3687,2016-02-17,3687,歐買尬,tpex,60.20,60.80,59.50,59.60,114000,6844100,-0.30,,30059572,90,,
2016-02-17_3689,2016-02-17,3689,湧德,tpex,32.20,33.50,32.00,32.15,2173000,71216900,0.30,,69675807,1304,,
2016-02-17_3691,2016-02-17,3691,碩禾,tpex,668.00,670.00,654.00,661.00,448000,297010000,-3.00,,60982129,426,,
2016-02-17_3693,2016-02-17,3693,營邦,tpex,92.10,93.40,91.00,91.10,222000,20380000,-0.40,,38535694,187,,
2016-02-17_3694,2016-02-17,3694,海華,twse,16.10,16.10,15.55,15.55,858076,13495004,-0.15,,129838808,406,,
2016-02-17_3698,2016-02-17,3698,隆達,twse,15.75,15.75,15.55,15.65,1427795,22368289,0.1,,602572280,633,,
2016-02-17_3701,2016-02-17,3701,大眾控,twse,7.74,8.60,7.74,8.60,3018,24531,0.0,,320689109,9,,
2016-02-17_3702,2016-02-17,3702,大聯大,twse,32.40,32.50,32.15,32.30,1892240,61045742,-0.2,,1655709212,1300,,
2016-02-17_3703,2016-02-17,3703,欣陸,twse,10.95,10.95,10.80,10.85,388485,4230885,-0.15,,853215980,135,,
2016-02-17_3704,2016-02-17,3704,合勤控,twse,13.85,14.45,13.75,13.80,2849048,40226664,-0.1,,461177355,1076,,
2016-02-17_3705,2016-02-17,3705,永信,twse,48.00,48.35,47.85,48.05,263221,12658998,0.05,,266422983,170,,
2016-02-17_3706,2016-02-17,3706,神達,twse,23.00,24.20,22.95,23.85,10366544,244960813,1.35,,776248341,4134,,
2016-02-17_3707,2016-02-17,3707,漢磊,tpex,8.33,9.16,8.33,9.16,1243000,11201080,0.83,,163284654,384,,
2016-02-17_4102,2016-02-17,4102,永日,tpex,25.10,26.00,25.10,25.30,186000,4754800,0.20,,42373443,144,,
2016-02-17_4103,2016-02-17,4103,百略,tpex,84.20,85.80,84.20,85.40,99000,8428700,1.20,,109996975,75,,
2016-02-17_4104,2016-02-17,4104,佳醫,twse,51.00,52.50,50.90,51.70,1086426,56093475,1.0,,120452348,760,,
2016-02-17_4105,2016-02-17,4105,東洋,tpex,117.00,120.00,116.00,118.00,5525000,654012500,2.00,,248649959,3587,,
2016-02-17_4106,2016-02-17,4106,雃博,twse,39.95,40.30,39.55,39.80,724000,28870700,0.3,,83385557,495,,
2016-02-17_4107,2016-02-17,4107,邦特,tpex,137.50,141.00,136.50,139.00,631000,87845500,2.50,,69134675,483,,
2016-02-17_4108,2016-02-17,4108,懷特,twse,28.70,29.20,28.40,28.40,1735671,50012254,0.1,,163616379,1002,,
2016-02-17_4109,2016-02-17,4109,穆拉德,tpex,23.25,23.40,23.20,23.30,198000,4608300,0.05,,75034706,118,,
2016-02-17_4111,2016-02-17,4111,濟生,tpex,25.60,25.90,25.35,25.45,181000,4641150,-0.15,,56982985,126,,
2016-02-17_4113,2016-02-17,4113,聯上,tpex,9.77,9.79,9.70,9.71,213000,2077830,-0.04,,205764581,102,,
2016-02-17_4114,2016-02-17,4114,健喬,tpex,33.35,33.90,33.20,33.20,721000,24206000,0.10,,133247303,430,,
2016-02-17_4116,2016-02-17,4116,明基醫,tpex,70.00,71.70,70.00,70.20,467000,33069100,0.70,,44246000,408,,
2016-02-17_4119,2016-02-17,4119,旭富,twse,78.50,81.10,78.00,78.00,3672868,291708759,0.0,,73298120,2787,,
2016-02-17_4120,2016-02-17,4120,友華,tpex,54.30,55.20,53.80,54.20,169000,9231700,0.40,,86747119,127,,
2016-02-17_4121,2016-02-17,4121,優盛,tpex,17.65,18.10,17.55,17.60,918000,16334100,0.10,,73316764,562,,
2016-02-17_4123,2016-02-17,4123,晟德,tpex,69.60,69.90,68.90,69.50,1166000,81003300,0.50,,253539243,863,,
2016-02-17_4126,2016-02-17,4126,太醫,tpex,84.60,88.40,84.60,87.50,1521000,132087400,3.10,,66015216,1163,,
2016-02-17_4127,2016-02-17,4127,天良,tpex,21.90,22.20,21.80,21.90,221000,4859700,0.15,,45760000,161,,
2016-02-17_4128,2016-02-17,4128,中天,tpex,25.10,25.55,25.05,25.10,319000,8051100,0.20,,425342650,196,,
2016-02-17_4129,2016-02-17,4129,聯合,tpex,71.20,72.20,70.40,70.60,1576000,112413500,0.50,,71746847,1196,,
2016-02-17_4130,2016-02-17,4130,健亞,tpex,62.40,64.80,62.10,63.50,3697000,236116500,1.60,,100806000,2661,,
2016-02-17_4131,2016-02-17,4131,晶宇,tpex,10.50,10.50,9.90,9.90,5000,51900,0.32,,38291934,5,,
2016-02-17_4133,2016-02-17,4133,亞諾法,twse,30.20,30.80,29.65,30.60,74006,2250436,0.65,,58046897,69,,
2016-02-17_4137,2016-02-17,4137,麗豐-KY,twse,309.00,312.50,305.00,306.50,1207626,373290746,1.5,,79492350,1047,,
2016-02-17_4138,2016-02-17,4138,曜亞,tpex,62.10,63.20,61.50,62.50,146000,9120400,1.20,,30000000,103,,
2016-02-17_4139,2016-02-17,4139,F-馬光,tpex,62.80,62.80,62.60,62.60,2000,125400,-0.20,,34679700,2,,
2016-02-17_4141,2016-02-17,4141,龍燈-KY,twse,28.45,29.40,28.45,28.60,325000,9400500,0.45,,151911968,226,,
2016-02-17_4142,2016-02-17,4142,國光生,twse,23.95,24.15,23.55,23.60,574300,13680922,-0.15,,237613222,384,,
2016-02-17_4144,2016-02-17,4144,康聯-KY,twse,53.50,54.20,53.10,53.60,166008,8893428,0.4,,78065000,121,,
2016-02-17_4147,2016-02-17,4147,中裕,tpex,221.00,225.50,219.00,220.50,2117000,470252500,3.00,,247293000,1781,,
2016-02-17_4152,2016-02-17,4152,台微體,tpex,141.00,141.00,138.00,138.00,35000,4903000,3.00,,55616315,30,,
2016-02-17_4153,2016-02-17,4153,鈺緯,tpex,69.20,70.20,69.00,69.00,222000,15437900,-0.20,,38546320,191,,
2016-02-17_4154,2016-02-17,4154,F-康樂,tpex,20.00,20.00,19.50,19.90,23000,452500,-0.25,,19526000,14,,
2016-02-17_4157,2016-02-17,4157,F*太景,tpex,28.75,29.00,28.45,28.55,911000,26173350,0.15,,716760425,576,,
2016-02-17_4160,2016-02-17,4160,創源,tpex,28.90,29.25,28.60,28.70,70000,2026500,-0.30,,24247016,52,,
2016-02-17_4161,2016-02-17,4161,聿新科,tpex,62.40,62.70,61.20,61.40,184000,11378500,0.30,,51627569,138,,
2016-02-17_4162,2016-02-17,4162,智擎,tpex,226.00,229.00,223.00,223.50,1151000,259998000,0.00,,101965000,1001,,
2016-02-17_4163,2016-02-17,4163,鐿鈦,tpex,123.00,124.50,123.00,124.00,90000,11145000,1.00,,40238000,81,,
2016-02-17_4164,2016-02-17,4164,承業醫,twse,58.50,59.00,57.60,58.00,224133,13084514,-0.5,,139593750,145,,
2016-02-17_4167,2016-02-17,4167,展旺,tpex,23.90,24.55,23.60,24.15,1193000,28772750,0.35,,209799750,644,,
2016-02-17_4168,2016-02-17,4168,醣聯,tpex,48.50,51.50,48.40,50.30,774000,38994450,2.30,,76993456,631,,
2016-02-17_4171,2016-02-17,4171,瑞基,tpex,30.35,31.20,30.35,30.55,23000,709950,0.20,,34340000,21,,
2016-02-17_4173,2016-02-17,4173,久裕,tpex,23.45,23.70,23.20,23.60,246000,5773850,0.20,,44574355,167,,
2016-02-17_4174,2016-02-17,4174,浩鼎,tpex,638.00,654.00,625.00,644.00,1127000,723711000,17.00,,170719960,927,,
2016-02-17_4175,2016-02-17,4175,杏一,tpex,76.00,78.00,76.00,77.50,66000,5108900,1.50,,25240000,59,,
2016-02-17_4180,2016-02-17,4180,安成藥,tpex,161.50,162.00,159.50,160.00,200000,32084500,0.50,,127429525,186,,
2016-02-17_4188,2016-02-17,4188,安克,tpex,28.35,28.35,28.00,28.05,63000,1775050,0.00,,40870000,56,,
2016-02-17_4190,2016-02-17,4190,佐登-KY,twse,129.50,130.00,128.00,128.50,145130,18764834,0.5,,58469700,130,,
2016-02-17_4192,2016-02-17,4192,杏國,tpex,41.80,42.20,41.40,41.70,101000,4212100,0.80,,58367000,86,,
2016-02-17_4198,2016-02-17,4198,環瑞醫,tpex,30.50,30.85,30.35,30.80,84000,2571750,0.50,,141800000,64,,
2016-02-17_4205,2016-02-17,4205,中華食,tpex,38.90,39.40,38.85,39.30,16000,625350,0.20,,72704362,16,,
2016-02-17_4207,2016-02-17,4207,環泰,tpex,9.20,9.39,9.20,9.30,18000,167290,-0.04,,173617169,8,,
2016-02-17_4303,2016-02-17,4303,信立,tpex,12.70,13.00,12.70,13.00,43000,557600,0.25,,70700000,10,,
2016-02-17_4304,2016-02-17,4304,勝昱,tpex,12.00,12.00,11.35,11.70,6000,69700,0.00,,51333500,5,,
2016-02-17_4305,2016-02-17,4305,世坤,tpex,27.55,27.55,27.55,27.55,1000,27550,0.45,up,55014000,1,,
2016-02-17_4306,2016-02-17,4306,炎洲,twse,12.20,12.25,12.00,12.00,178934,2172558,-0.15,,451284226,142,,
2016-02-17_4401,2016-02-17,4401,東隆興,tpex,88.90,90.10,88.60,89.00,250000,22313800,0.20,,120286286,215,,
2016-02-17_4402,2016-02-17,4402,福大,tpex,4.35,4.55,4.35,4.55,7000,30850,0.05,,45991830,4,,
2016-02-17_4406,2016-02-17,4406,新昕纖,tpex,12.05,12.40,11.85,11.85,113000,1370800,-0.20,,51912000,62,,
2016-02-17_4413,2016-02-17,4413,飛寶,tpex,,,,,0,0,,,19314689,0,無成交,
2016-02-17_4414,2016-02-17,4414,如興,twse,19.40,19.40,18.85,19.00,1585015,30197178,-0.05,,136767461,487,,
2016-02-17_4415,2016-02-17,4415,台原藥,tpex,,,,,0,0,,,75923891,0,無成交,
2016-02-17_4416,2016-02-17,4416,三圓,tpex,81.70,81.70,80.00,80.50,14000,1122300,0.20,,60015612,8,,
2016-02-17_4417,2016-02-17,4417,金洲,tpex,30.30,30.40,29.70,29.75,937000,28061650,-0.65,,82334764,777,,
2016-02-17_4419,2016-02-17,4419,松懋,tpex,,,,,0,0,,,23578917,0,無成交,
2016-02-17_4420,2016-02-17,4420,光明,tpex,33.20,33.30,32.60,32.80,90000,2969850,-0.45,,29455000,63,,
2016-02-17_4426,2016-02-17,4426,利勤,twse,186.00,199.50,186.00,195.00,5785201,1122744994,12.0,,91172045,4469,,
2016-02-17_4429,2016-02-17,4429,聚紡,tpex,22.80,23.00,22.80,22.90,21000,480050,0.00,,34350000,11,,
2016-02-17_4430,2016-02-17,4430,耀億,tpex,27.15,27.25,27.00,27.20,16000,434250,0.05,,56273609,14,,
2016-02-17_4432,2016-02-17,4432,銘旺實,tpex,78.00,78.80,77.00,77.20,205000,15997300,0.00,,50589000,171,,
2016-02-17_4433,2016-02-17,4433,興采,tpex,33.80,34.45,33.60,33.60,24000,813850,-0.95,,30072432,20,,
2016-02-17_4502,2016-02-17,4502,健信,tpex,29.80,30.70,29.00,30.40,11000,325000,0.40,,42395848,9,,
2016-02-17_4503,2016-02-17,4503,金雨,tpex,13.70,13.70,13.10,13.10,81000,1074200,-0.20,,40763326,50,,
2016-02-17_4506,2016-02-17,4506,崇友,tpex,25.65,26.30,25.50,25.80,514000,13333600,0.40,,196680000,371,,
2016-02-17_4510,2016-02-17,4510,高鋒,tpex,14.80,14.90,14.60,14.60,116000,1710350,-0.15,,108010689,46,,
2016-02-17_4513,2016-02-17,4513,福裕,tpex,10.00,10.00,9.98,9.98,4000,39960,0.02,,76880300,2,,
2016-02-17_4523,2016-02-17,4523,永彰,tpex,17.15,17.20,17.05,17.05,64000,1096600,-0.05,,64000000,40,,
2016-02-17_4526,2016-02-17,4526,東台,twse,23.50,23.50,23.20,23.35,188190,4390635,0.15,,256026461,130,,
2016-02-17_4527,2016-02-17,4527,方土霖,tpex,24.85,24.85,24.60,24.60,7000,172450,0.25,,76152370,5,,
2016-02-17_4528,2016-02-17,4528,江興鍛,tpex,55.60,56.30,54.70,55.20,340000,18866600,-0.30,,76514268,233,,
2016-02-17_4529,2016-02-17,4529,昶洧,tpex,33.55,33.70,33.00,33.00,617000,20515400,-0.35,,78988046,424,,
2016-02-17_4530,2016-02-17,4530,宏易,tpex,4.59,4.62,4.59,4.61,6000,27650,-0.27,,46172276,6,,
2016-02-17_4532,2016-02-17,4532,瑞智,twse,25.65,25.70,25.45,25.50,225010,5756254,-0.15,,468404448,142,,
2016-02-17_4533,2016-02-17,4533,協易機,tpex,12.75,12.95,12.55,12.70,314000,3999600,-0.10,,160434110,153,,
2016-02-17_4534,2016-02-17,4534,慶騰,tpex,11.15,11.20,10.95,10.95,181000,2002850,0.00,,80103659,83,,
2016-02-17_4535,2016-02-17,4535,至興,tpex,45.00,45.45,44.00,44.25,91000,4042350,-0.90,,75661740,74,,
2016-02-17_4536,2016-02-17,4536,拓凱,twse,109.00,109.50,108.00,109.50,8000,870500,1.0,,90820000,8,,
2016-02-17_4541,2016-02-17,4541,晟田,tpex,31.50,31.60,31.25,31.45,90000,2832750,0.30,,54143426,58,,
2016-02-17_4542,2016-02-17,4542,科嶠,tpex,17.85,18.50,17.85,18.50,7000,127550,0.20,,28285400,5,,
2016-02-17_4545,2016-02-17,4545,銘鈺,twse,74.00,76.80,73.50,75.80,226450,17068255,1.6,,77000000,206,,
2016-02-17_4549,2016-02-17,4549,桓達,tpex,64.10,70.00,64.10,70.00,373000,25936000,6.30,,37711695,179,,
2016-02-17_4550,2016-02-17,4550,長佳,tpex,19.00,19.55,19.00,19.55,3000,58100,0.00,,32935240,3,,
2016-02-17_4551,2016-02-17,4551,智伸科,twse,73.00,76.00,73.00,75.00,571000,42665000,2.0,,83000000,337,,
2016-02-17_4555,2016-02-17,4555,氣立,twse,71.20,72.10,71.00,71.40,123000,8790100,0.4,,66880000,99,,
2016-02-17_4556,2016-02-17,4556,旭然,tpex,33.00,33.40,32.70,32.70,53000,1743000,-0.25,,35196000,45,,
2016-02-17_4557,2016-02-17,4557,永新-KY,twse,72.60,76.80,72.00,75.00,317037,23835875,3.3,,34875000,258,,
2016-02-17_4609,2016-02-17,4609,唐鋒,tpex,8.00,8.25,7.80,8.00,52000,418730,-0.02,,47946820,41,,
2016-02-17_4702,2016-02-17,4702,中美實,tpex,10.00,10.15,10.00,10.05,88000,886700,0.00,,225000000,44,,
2016-02-17_4706,2016-02-17,4706,大恭,tpex,16.20,16.35,16.00,16.35,61000,989400,0.20,,79030093,35,,
2016-02-17_4707,2016-02-17,4707,磐亞,tpex,8.13,8.15,8.10,8.12,109000,884770,-0.01,,214975492,40,,
2016-02-17_4711,2016-02-17,4711,永純,tpex,11.90,12.00,11.85,12.00,5000,59600,0.00,,61056000,5,,
2016-02-17_4712,2016-02-17,4712,南璋,tpex,8.87,8.88,8.58,8.58,100000,871580,-0.39,,96280605,55,,
2016-02-17_4714,2016-02-17,4714,永捷,tpex,8.08,8.08,8.08,8.08,16000,129280,0.00,flat,65523246,5,,
2016-02-17_4716,2016-02-17,4716,大立,tpex,9.30,9.37,9.18,9.37,31000,286090,0.01,,73213904,13,,
2016-02-17_4720,2016-02-17,4720,德淵,twse,16.40,16.50,16.30,16.30,66520,1091474,-0.2,,81076709,27,,
2016-02-17_4721,2016-02-17,4721,美琪瑪,tpex,22.25,22.25,21.05,21.05,94000,2036800,-1.20,,74986304,51,,
2016-02-17_4722,2016-02-17,4722,國精化,twse,32.20,34.10,32.05,33.80,1985239,66169185,1.7,,88246818,812,,
2016-02-17_4725,2016-02-17,4725,信昌化,twse,15.40,15.40,14.80,14.90,608000,9137900,-0.45,,291975000,252,,
2016-02-17_4726,2016-02-17,4726,永昕,tpex,43.80,44.85,43.80,44.00,316000,13983850,0.50,,111715000,216,,
2016-02-17_4728,2016-02-17,4728,雙美,tpex,40.50,40.50,39.80,39.80,244000,9755100,-0.20,,54463000,153,,
2016-02-17_4729,2016-02-17,4729,熒茂,tpex,11.25,11.60,11.25,11.60,19000,217500,0.35,,101902000,13,,
2016-02-17_4733,2016-02-17,4733,上緯,twse,132.50,136.50,132.00,134.00,2358508,317080588,3.0,,86599802,1930,,
2016-02-17_4735,2016-02-17,4735,豪展,tpex,36.35,37.00,36.00,36.35,650000,23739450,0.45,,33948337,446,,
2016-02-17_4736,2016-02-17,4736,泰博,tpex,106.50,107.00,105.50,106.00,254000,27015500,-0.50,,70888687,202,,
2016-02-17_4737,2016-02-17,4737,華廣,twse,54.40,55.00,53.00,53.00,46000,2477600,-0.5,,63446794,40,,
2016-02-17_4739,2016-02-17,4739,康普,tpex,40.00,40.20,39.35,39.50,488000,19334700,-0.10,,73964422,291,,
2016-02-17_4743,2016-02-17,4743,合一,tpex,34.35,34.90,34.25,34.25,499000,17281900,0.10,,194542229,374,,
2016-02-17_4745,2016-02-17,4745,F-合富,tpex,58.10,60.90,57.60,59.00,1159000,68751200,1.90,,57507085,881,,
2016-02-17_4746,2016-02-17,4746,台耀,twse,72.50,74.90,71.70,72.80,1881200,137795580,0.9,,85137751,1270,,
2016-02-17_4747,2016-02-17,4747,強生,tpex,42.50,42.50,41.80,42.10,92000,3876700,-0.30,,30018750,60,,
2016-02-17_4755,2016-02-17,4755,三福化,twse,23.00,23.00,23.00,23.00,1000,23000,0.15,up,89224000,1,,
2016-02-17_4762,2016-02-17,4762,F-三汰,tpex,58.40,61.60,58.40,60.70,113000,6832100,3.00,,17000000,98,,
2016-02-17_4763,2016-02-17,4763,材料*-KY,twse,111.00,111.00,106.50,106.50,313050,33578375,-3.5,,46480000,110,,
2016-02-17_4803,2016-02-17,4803,F-VHQ,tpex,144.00,152.00,141.50,147.00,985000,143740500,4.00,,32277001,796,,
2016-02-17_4804,2016-02-17,4804,F-大略,tpex,122.00,124.00,118.00,118.50,122000,14641000,-3.50,,27498400,115,,
2016-02-17_4903,2016-02-17,4903,聯光通,tpex,12.10,12.10,11.70,11.90,329000,3895600,-0.10,,89724077,118,,
2016-02-17_4904,2016-02-17,4904,遠傳,twse,69.80,69.80,68.90,69.10,6638193,459158968,-0.7,,3258500810,3220,,
2016-02-17_4905,2016-02-17,4905,台聯電,tpex,50.00,50.50,49.50,50.50,109000,5472950,0.85,,51222516,73,,
2016-02-17_4906,2016-02-17,4906,正文,twse,18.05,18.60,17.95,18.35,4168943,76522154,0.45,,302841176,1680,,
2016-02-17_4907,2016-02-17,4907,富宇,tpex,,,,,0,0,,,118145778,0,無成交,
2016-02-17_4908,2016-02-17,4908,前鼎,tpex,19.10,19.10,18.55,19.10,64000,1213550,-0.10,,77824657,45,,
2016-02-17_4909,2016-02-17,4909,新復興,tpex,23.30,23.55,23.10,23.20,248000,5790950,0.10,,93356864,112,,
2016-02-17_4911,2016-02-17,4911,德英,tpex,74.70,75.50,74.50,75.00,9000,673900,0.00,,55660000,9,,
2016-02-17_4912,2016-02-17,4912,聯德控股-KY,twse,87.30,87.40,85.10,85.10,116001,9986885,-1.7,,39541119,93,,
2016-02-17_4915,2016-02-17,4915,致伸,twse,38.00,38.70,37.65,38.00,3482000,132943950,-0.5,,441187712,2149,,
2016-02-17_4916,2016-02-17,4916,事欣科,twse,22.45,22.45,21.70,21.95,71720,1577518,-0.5,,67899000,53,,
2016-02-17_4919,2016-02-17,4919,新唐,twse,32.30,32.75,31.85,32.00,2135367,68845098,0.45,,207554400,1178,,
2016-02-17_4924,2016-02-17,4924,F-欣厚,tpex,6.60,6.65,6.50,6.65,57000,375490,0.05,,37164409,21,,
2016-02-17_4927,2016-02-17,4927,泰鼎-KY,twse,35.75,35.90,35.60,35.70,128006,4575534,-0.05,,122594919,79,,
2016-02-17_4930,2016-02-17,4930,燦星網,twse,14.15,14.45,14.15,14.35,254664,3633275,0.2,,134300000,124,,
2016-02-17_4933,2016-02-17,4933,友輝,tpex,22.50,23.05,22.50,22.75,103000,2355850,0.25,,77331675,61,,
2016-02-17_4934,2016-02-17,4934,太極,twse,20.70,21.00,20.60,20.90,5250505,109273449,0.45,,316545000,2020,,
2016-02-17_4935,2016-02-17,4935,茂林-KY,twse,70.80,72.70,70.10,71.70,1426030,101776951,1.2,,139575091,1008,,
2016-02-17_4938,2016-02-17,4938,和碩,twse,77.30,78.70,77.30,78.20,12048614,941047792,-0.4,,2603020454,5284,,
2016-02-17_4939,2016-02-17,4939,亞電,tpex,8.10,8.14,7.92,7.92,82000,657310,-0.18,,98200868,37,,
2016-02-17_4942,2016-02-17,4942,嘉彰,twse,20.20,20.20,19.95,19.95,80240,1606698,-0.25,,149202613,62,,
2016-02-17_4944,2016-02-17,4944,兆遠,tpex,10.75,11.05,10.60,10.75,682000,7366000,0.10,,210131563,298,,
2016-02-17_4946,2016-02-17,4946,辣椒,tpex,31.95,31.95,31.25,31.50,95000,2988050,-0.55,,27320796,86,,
2016-02-17_4947,2016-02-17,4947,F-昂寶,tpex,207.00,214.00,206.00,209.00,1439000,302819000,6.50,,44721325,1234,,
2016-02-17_4950,2016-02-17,4950,牧東,tpex,17.30,17.45,17.30,17.45,44000,765700,-0.05,,49579000,12,,
2016-02-17_4952,2016-02-17,4952,凌通,twse,38.90,39.60,38.55,38.80,1988177,77824685,0.8,,108815816,1122,,
2016-02-17_4953,2016-02-17,4953,緯軟,tpex,20.70,20.70,20.15,20.60,91000,1854900,0.30,,43878322,53,,
2016-02-17_4956,2016-02-17,4956,光鋐,twse,12.70,12.70,12.30,12.35,79019,986684,-0.15,,100408236,45,,
2016-02-17_4958,2016-02-17,4958,臻鼎-KY,twse,71.10,71.10,69.40,69.50,2862500,200610748,-1.6,,804748359,1939,,
2016-02-17_4960,2016-02-17,4960,誠美材,twse,19.20,19.55,19.10,19.20,2063208,40013792,0.2,,515728500,797,,
2016-02-17_4965,2016-02-17,4965,商店街,tpex,111.00,111.00,110.00,110.00,15000,1660000,-1.00,,21602249,13,,
2016-02-17_4966,2016-02-17,4966,F-譜瑞,tpex,311.00,311.00,296.00,296.00,3049000,920822500,-12.50,,76075055,2253,,
2016-02-17_4968,2016-02-17,4968,立積,twse,80.20,80.80,79.60,80.50,91000,7306600,-0.1,,49897586,81,,
2016-02-17_4971,2016-02-17,4971,F-IET,tpex,132.50,142.00,132.50,133.50,5635000,773727000,2.00,,34375199,3849,,
2016-02-17_4972,2016-02-17,4972,湯石,tpex,36.00,37.30,35.95,36.80,187000,6871250,0.90,,38137767,135,,
2016-02-17_4973,2016-02-17,4973,廣穎,tpex,14.50,14.75,14.40,14.75,64000,933500,0.25,,65138930,50,,
2016-02-17_4974,2016-02-17,4974,亞泰,tpex,35.55,35.80,35.55,35.60,158000,5631900,-0.15,,61957664,87,,
2016-02-17_4976,2016-02-17,4976,佳凌,twse,15.95,16.25,15.90,15.90,31254,500013,0.0,,105903000,25,,
2016-02-17_4977,2016-02-17,4977,眾達-KY,twse,57.80,57.80,57.40,57.70,92467,5327699,0.1,,51541765,67,,
2016-02-17_4979,2016-02-17,4979,華星光,tpex,73.60,75.30,73.10,73.60,2483000,184433700,0.60,,74371851,1768,,
2016-02-17_4984,2016-02-17,4984,科納-KY,twse,43.50,44.15,42.90,43.50,395001,17114343,0.3,,45370748,188,,
2016-02-17_4987,2016-02-17,4987,科誠,tpex,70.00,70.00,68.50,70.00,15000,1041100,0.50,,25200000,15,,
2016-02-17_4991,2016-02-17,4991,F-環宇,tpex,80.00,80.70,79.30,79.30,956000,76370200,-0.20,,57799943,691,,
2016-02-17_4994,2016-02-17,4994,傳奇,twse,66.80,66.80,65.30,65.80,38550,2536688,-0.3,,110639000,40,,
2016-02-17_4995,2016-02-17,4995,晶達,tpex,39.80,39.80,39.20,39.20,20000,787050,0.00,,34131100,15,,
2016-02-17_4999,2016-02-17,4999,鑫禾,twse,38.55,39.00,38.45,38.60,138036,5336868,0.1,,74417200,142,,
2016-02-17_5007,2016-02-17,5007,三星,twse,64.00,64.00,63.80,63.90,77562,4959142,-0.1,,294940154,65,,
2016-02-17_5009,2016-02-17,5009,榮剛,tpex,17.80,18.00,17.35,17.45,4922000,86486300,-0.35,,448784607,1655,,
2016-02-17_5011,2016-02-17,5011,久陽,tpex,23.40,23.40,23.40,23.40,1000,23400,-0.20,down,33635869,1,,
2016-02-17_5013,2016-02-17,5013,強新,tpex,17.20,17.20,16.90,16.90,85000,1449600,-0.40,,111180000,27,,
2016-02-17_5014,2016-02-17,5014,建錩,tpex,6.99,7.19,6.94,6.94,94000,657610,-0.16,,165333054,62,,
2016-02-17_5015,2016-02-17,5015,華祺,tpex,18.10,18.10,17.75,17.85,98000,1753500,-0.20,,60639189,43,,
2016-02-17_5016,2016-02-17,5016,松和,tpex,24.10,24.10,23.90,23.90,15000,359000,-0.25,,49622076,6,,
2016-02-17_5102,2016-02-17,5102,富強,tpex,14.05,14.05,14.00,14.00,10000,140100,-0.05,,64085067,7,,
2016-02-17_5201,2016-02-17,5201,凱衛,tpex,12.70,12.70,12.45,12.60,14000,176350,-0.25,,30674600,8,,
2016-02-17_5202,2016-02-17,5202,力新,tpex,13.35,13.70,13.35,13.65,9000,121350,-0.05,,59094000,8,,
2016-02-17_5203,2016-02-17,5203,訊連,twse,73.00,73.00,71.60,71.90,140148,10099128,-0.7,,96765331,113,,
2016-02-17_5205,2016-02-17,5205,漢康,tpex,10.15,10.15,10.15,10.15,6000,60900,0.00,flat,17005200,2,,
2016-02-17_5206,2016-02-17,5206,坤悅,tpex,9.67,9.75,9.66,9.75,6000,58160,-0.01,,150000000,6,,
2016-02-17_5209,2016-02-17,5209,新鼎,tpex,,,,,0,0,,,23469500,0,無成交,
2016-02-17_5210,2016-02-17,5210,寶碩,tpex,6.49,6.55,6.42,6.48,206000,1330940,-0.01,,67699779,95,,
2016-02-17_5211,2016-02-17,5211,蒙恬,tpex,21.00,21.20,20.80,20.80,44000,927250,-0.10,,32024727,28,,
2016-02-17_5212,2016-02-17,5212,凌網,tpex,19.00,19.05,18.95,19.00,17000,323100,-0.35,,34633000,8,,
2016-02-17_5213,2016-02-17,5213,亞昕,tpex,14.40,14.45,14.35,14.40,47000,677250,0.00,,380090374,26,,
2016-02-17_5215,2016-02-17,5215,科嘉-KY,twse,38.05,39.80,37.75,38.80,117000,4553750,1.25,,54337500,62,,
2016-02-17_5225,2016-02-17,5225,東科-KY,twse,43.80,44.50,43.75,44.20,43000,1889750,0.2,,61002000,36,,
2016-02-17_5227,2016-02-17,5227,F-立凱,tpex,28.15,28.20,27.85,28.20,171000,4795450,0.05,,164573654,108,,
2016-02-17_5230,2016-02-17,5230,雷笛克,tpex,45.40,45.40,44.85,45.10,67000,3017450,0.00,,47125465,43,,
2016-02-17_5234,2016-02-17,5234,達興材料,twse,30.40,30.45,29.90,30.05,17000,512400,-0.4,,93378101,15,,
2016-02-17_5243,2016-02-17,5243,乙盛-KY,twse,28.30,28.40,28.05,28.10,125413,3538407,-0.25,,173528915,88,,
2016-02-17_5245,2016-02-17,5245,智晶,tpex,139.00,146.50,135.50,145.00,1350000,190998500,6.50,,40460000,1105,,
2016-02-17_5251,2016-02-17,5251,天鉞電,tpex,29.95,30.10,29.90,30.10,8000,239750,0.25,,30753977,7,,
2016-02-17_5255,2016-02-17,5255,美桀,tpex,15.35,15.35,15.35,15.35,2000,30700,0.00,flat,38075800,2,,
2016-02-17_5259,2016-02-17,5259,奕智博,twse,5.33,5.33,5.18,5.18,202000,1057230,-0.05,,72033590,91,,
2016-02-17_5263,2016-02-17,5263,智崴,tpex,277.50,278.50,275.00,275.00,117000,32404000,-2.00,,44677977,101,,
2016-02-17_5264,2016-02-17,5264,鎧勝-KY,twse,170.50,179.50,169.50,177.00,3112491,541840416,9.0,,339706991,2411,,
2016-02-17_5266,2016-02-17,5266,F*AS,tpex,,,,,0,0,,,31823000,0,無成交,
2016-02-17_5269,2016-02-17,5269,祥碩,twse,185.00,186.00,178.00,178.00,1040300,187829550,-6.0,,57086880,851,,
2016-02-17_5272,2016-02-17,5272,笙科,tpex,33.20,33.20,32.30,33.00,221000,7301150,0.10,,58019118,139,,
2016-02-17_5274,2016-02-17,5274,信驊,tpex,344.00,346.00,335.00,336.00,88000,29814500,-8.00,,31672049,85,,
2016-02-17_5276,2016-02-17,5276,F-達輝,tpex,20.90,21.50,20.90,21.50,4000,84300,0.60,,39500000,3,,
2016-02-17_5278,2016-02-17,5278,尚凡,tpex,23.25,23.50,23.00,23.30,9000,209050,-0.20,,12736500,9,,
2016-02-17_5284,2016-02-17,5284,F-jpp,tpex,70.30,70.50,68.90,69.80,367000,25576100,-0.50,,38077125,267,,
2016-02-17_5285,2016-02-17,5285,界霖,twse,28.00,28.05,27.65,28.05,73003,2030834,0.0,,74800000,46,,
2016-02-17_5287,2016-02-17,5287,數字,tpex,259.00,265.00,256.00,263.50,26000,6792500,4.50,,40950000,24,,
2016-02-17_5288,2016-02-17,5288,豐祥-KY,twse,102.00,106.00,100.50,103.00,2871685,296096212,3.0,,64503153,2102,,
2016-02-17_5289,2016-02-17,5289,宜鼎,tpex,92.00,97.00,91.60,96.90,2392000,227671100,5.00,,62147600,1477,,
2016-02-17_5291,2016-02-17,5291,邑昇,tpex,15.15,15.15,15.00,15.00,30000,451300,-0.15,,33451308,16,,
2016-02-17_5301,2016-02-17,5301,寶得利,tpex,31.35,32.00,31.30,31.40,24000,760300,-0.70,,107250000,16,,
2016-02-17_5302,2016-02-17,5302,太欣,tpex,5.24,5.24,5.17,5.22,34000,177000,-0.01,,162377000,13,,
2016-02-17_5304,2016-02-17,5304,鼎創達,tpex,3.20,3.25,2.90,3.21,5000,15810,0.01,,185962436,4,,
2016-02-17_5305,2016-02-17,5305,敦南,twse,23.20,23.20,22.60,22.70,496209,11345271,-0.25,,308262688,287,,
2016-02-17_5306,2016-02-17,5306,桂盟,tpex,124.00,127.00,123.50,126.50,215000,27003000,1.50,,120000000,179,,
2016-02-17_5309,2016-02-17,5309,系統電,tpex,15.80,16.10,15.70,15.85,1576000,25100150,0.10,,202432727,761,,
2016-02-17_5310,2016-02-17,5310,天剛,tpex,27.40,28.00,27.20,27.50,183000,5035600,0.15,,49601237,75,,
2016-02-17_5312,2016-02-17,5312,寶島科,tpex,80.00,80.30,80.00,80.20,24000,1921200,0.20,,60059898,17,,
2016-02-17_5314,2016-02-17,5314,世紀,tpex,6.20,6.35,6.15,6.15,21000,130670,0.03,,60000000,10,,
2016-02-17_5315,2016-02-17,5315,光聯,tpex,24.90,24.90,24.00,24.40,797000,19394650,-0.15,,106351832,358,,
2016-02-17_5317,2016-02-17,5317,凱美,tpex,17.30,17.40,17.10,17.15,1939000,33466750,-0.35,,136389469,232,,
2016-02-17_5321,2016-02-17,5321,友銓,tpex,,,,,0,0,,,28800000,0,無成交,
2016-02-17_5324,2016-02-17,5324,士開,tpex,9.85,9.86,9.80,9.85,179000,1761950,0.05,,106379090,57,,
2016-02-17_5328,2016-02-17,5328,華容,tpex,5.36,5.36,5.14,5.15,518000,2698160,-0.11,,178310724,176,,
2016-02-17_5340,2016-02-17,5340,建榮,tpex,3.39,3.45,3.37,3.45,27000,91860,0.14,,165893964,13,,
2016-02-17_5344,2016-02-17,5344,立衛,tpex,5.52,5.80,5.52,5.64,19000,105710,-0.14,,79447460,11,,
2016-02-17_5345,2016-02-17,5345,天揚,tpex,9.40,9.67,9.40,9.67,2000,19070,0.27,,50000000,2,,
2016-02-17_5347,2016-02-17,5347,世界,tpex,51.00,52.90,50.80,51.00,12310000,634154300,0.20,,1638982267,6354,,
2016-02-17_5348,2016-02-17,5348,系通,tpex,,,,,0,0,,,25950310,0,無成交,
2016-02-17_5349,2016-02-17,5349,先豐,tpex,28.85,29.10,28.45,28.55,1229000,35227250,-0.30,,224096373,881,,
2016-02-17_5351,2016-02-17,5351,鈺創,tpex,12.80,13.00,12.70,12.75,1719000,22115200,0.05,,437039337,612,,
2016-02-17_5353,2016-02-17,5353,台林,tpex,10.50,11.40,10.50,11.40,2758000,30659600,1.00,,91191085,684,,
2016-02-17_5355,2016-02-17,5355,佳總,tpex,6.26,6.26,6.19,6.25,425000,2636760,-0.01,,166122792,92,,
2016-02-17_5356,2016-02-17,5356,協益,tpex,35.20,36.20,34.90,35.95,480000,17221650,1.15,,128800000,316,,
2016-02-17_5364,2016-02-17,5364,力麗店,tpex,40.00,40.00,40.00,40.00,1000,40000,-1.80,down,10099940,1,,
2016-02-17_5371,2016-02-17,5371,中光電,tpex,27.75,27.85,27.40,27.75,1000000,27676150,0.15,,543028888,487,,
2016-02-17_5381,2016-02-17,5381,合正,tpex,1.22,1.22,1.19,1.19,91000,109730,-0.08,,187054388,20,,
2016-02-17_5383,2016-02-17,5383,金利,tpex,9.56,9.64,9.47,9.60,26000,249500,0.13,,71414234,13,,
2016-02-17_5384,2016-02-17,5384,捷元,tpex,12.10,12.10,12.10,12.10,1000,12100,-0.10,down,79569450,1,,
2016-02-17_5386,2016-02-17,5386,青雲,tpex,24.60,24.65,24.60,24.65,2000,49250,0.00,,12287316,2,,
2016-02-17_5388,2016-02-17,5388,中磊,twse,81.70,82.10,81.00,81.00,1259927,102592487,-0.5,,241127757,866,,
2016-02-17_5392,2016-02-17,5392,應華,tpex,49.40,49.40,48.30,48.50,149000,7276050,-0.50,,99583485,92,,
2016-02-17_5395,2016-02-17,5395,圓方,tpex,31.35,33.45,31.35,33.45,4000,127550,-1.35,,73578895,4,,
2016-02-17_5398,2016-02-17,5398,力瑋,tpex,18.85,19.20,18.80,19.20,20000,379850,0.10,,41750541,14,,
2016-02-17_5403,2016-02-17,5403,中菲,tpex,22.10,22.30,22.10,22.15,24000,532750,0.05,,62630041,19,,
2016-02-17_5410,2016-02-17,5410,國眾,tpex,11.55,11.65,11.50,11.65,252000,2922250,0.15,,89740123,84,,
2016-02-17_5425,2016-02-17,5425,台半,tpex,33.50,33.80,33.10,33.80,1322000,44149000,0.40,,240014327,616,,
2016-02-17_5426,2016-02-17,5426,振發,tpex,10.60,10.70,10.60,10.65,115000,1222300,0.10,,143800000,35,,
2016-02-17_5432,2016-02-17,5432,達威,tpex,15.15,15.15,15.15,15.15,1000,15150,-0.05,down,20687804,1,,
2016-02-17_5434,2016-02-17,5434,崇越,twse,57.10,57.40,56.50,56.90,405466,23051869,0.0,,162646634,273,,
2016-02-17_5438,2016-02-17,5438,東友,tpex,13.50,13.50,13.25,13.40,180000,2402000,0.00,,112536565,77,,
2016-02-17_5439,2016-02-17,5439,高技,tpex,18.60,18.60,18.50,18.55,19000,352550,0.15,,77975752,11,,
2016-02-17_5443,2016-02-17,5443,均豪,tpex,14.35,14.50,14.20,14.40,1082000,15562250,0.20,,165136144,432,,
2016-02-17_5450,2016-02-17,5450,寶聯通,tpex,9.60,9.88,9.50,9.51,47000,455690,-0.36,,50392250,19,,
2016-02-17_5452,2016-02-17,5452,佶優,tpex,9.50,9.65,9.50,9.57,185000,1771770,0.11,,150865669,76,,
2016-02-17_5455,2016-02-17,5455,訊利電,tpex,5.71,5.71,5.71,5.71,1000,5710,-0.62,down,35501813,1,,
2016-02-17_5457,2016-02-17,5457,宣德,tpex,24.65,25.60,24.65,25.30,375000,9431050,0.20,,167800000,211,,
2016-02-17_5460,2016-02-17,5460,同協,tpex,11.30,11.35,11.20,11.30,47000,529100,0.00,,72032030,21,,
2016-02-17_5464,2016-02-17,5464,霖宏,tpex,17.00,17.00,16.80,16.80,12000,203400,-0.15,,71071490,8,,
2016-02-17_5465,2016-02-17,5465,富驊,tpex,10.00,10.00,9.79,10.00,20000,199160,0.00,,144091811,12,,
2016-02-17_5468,2016-02-17,5468,凱鈺,tpex,6.05,6.05,5.78,5.78,3000,17820,0.07,,52987909,3,,
2016-02-17_5469,2016-02-17,5469,瀚宇博,twse,10.10,10.30,10.05,10.10,1899061,19412213,0.05,,455436180,442,,
2016-02-17_5471,2016-02-17,5471,松翰,twse,34.95,35.40,34.90,35.00,98983,3472579,-0.2,,167877062,98,,
2016-02-17_5474,2016-02-17,5474,聰泰,tpex,59.20,59.20,57.80,58.00,233000,13607600,-0.50,,33729787,203,,
2016-02-17_5475,2016-02-17,5475,德宏,tpex,3.18,3.19,3.13,3.16,53000,167060,0.00,,220654743,34,,
2016-02-17_5478,2016-02-17,5478,智冠,tpex,70.10,70.60,68.20,68.40,1713000,118394800,-1.50,,127474332,1179,,
2016-02-17_5480,2016-02-17,5480,統盟,tpex,10.60,10.65,10.50,10.55,143000,1505600,-0.10,,199097830,48,,
2016-02-17_5481,2016-02-17,5481,華韡,tpex,15.45,15.50,15.20,15.40,191000,2934250,-0.10,,97281891,70,,
2016-02-17_5483,2016-02-17,5483,中美晶,tpex,41.35,42.40,41.25,41.50,5327000,222485350,0.30,,580031151,3113,,
2016-02-17_5484,2016-02-17,5484,慧友,twse,3.86,3.86,3.63,3.78,341253,1268969,-0.07,,115507847,92,,
2016-02-17_5487,2016-02-17,5487,通泰,tpex,21.80,22.60,21.60,22.30,100000,2217450,0.50,,22134516,42,,
2016-02-17_5488,2016-02-17,5488,松普,tpex,5.35,5.35,5.26,5.26,10000,52790,-0.04,,91586124,6,,
2016-02-17_5489,2016-02-17,5489,彩富,tpex,52.10,52.10,51.50,51.70,25000,1295000,-0.40,,104175441,22,,
2016-02-17_5490,2016-02-17,5490,同亨,tpex,71.90,72.40,70.80,71.90,2070000,148604800,0.50,,94396601,1389,,
2016-02-17_5491,2016-02-17,5491,連展,tpex,6.44,6.44,6.38,6.38,62000,397040,-0.06,,207290721,32,,
2016-02-17_5493,2016-02-17,5493,三聯,tpex,32.45,32.45,31.75,31.75,162000,5178250,-0.75,,44264695,114,,
2016-02-17_5498,2016-02-17,5498,凱崴,tpex,8.70,8.70,8.60,8.60,21000,181780,-0.08,,161895880,10,,
2016-02-17_5508,2016-02-17,5508,永信建,tpex,26.05,26.05,25.95,26.05,73000,1897250,0.10,,217428133,50,,
2016-02-17_5511,2016-02-17,5511,德昌,tpex,24.25,24.25,23.90,23.90,24000,576700,-0.35,,151660761,8,,
2016-02-17_5512,2016-02-17,5512,力麒,tpex,9.37,9.37,9.23,9.26,192000,1779730,0.00,,753992712,111,,
2016-02-17_5514,2016-02-17,5514,三豐,tpex,9.22,9.35,9.12,9.22,88000,809000,0.00,,176643300,35,,
2016-02-17_5515,2016-02-17,5515,建國,twse,8.58,8.66,8.50,8.55,94296,808979,-0.02,,338900131,38,,
2016-02-17_5516,2016-02-17,5516,雙喜,tpex,8.51,8.90,8.51,8.90,6000,51450,-0.38,,38295000,4,,
2016-02-17_5519,2016-02-17,5519,隆大,twse,13.65,13.85,13.25,13.30,916254,12447823,-0.35,,183000000,153,,
2016-02-17_5520,2016-02-17,5520,力泰,tpex,25.95,26.00,25.95,26.00,4000,103950,0.00,,70959112,3,,
2016-02-17_5521,2016-02-17,5521,工信,twse,11.35,11.35,11.25,11.35,444081,5012263,0.0,,347527413,74,,
2016-02-17_5522,2016-02-17,5522,遠雄,twse,33.80,34.05,33.30,33.40,622827,20848268,-0.35,,835433241,541,,
2016-02-17_5523,2016-02-17,5523,豐謙,tpex,7.37,7.70,7.37,7.70,5000,38170,-0.28,,112851835,4,,
2016-02-17_5525,2016-02-17,5525,順天,twse,15.35,15.80,15.30,15.50,390021,6123626,0.05,,253090819,49,,
2016-02-17_5529,2016-02-17,5529,志嘉,tpex,7.85,8.09,7.82,7.82,18000,142250,-0.03,,104270202,16,,
2016-02-17_5530,2016-02-17,5530,龍巖,tpex,58.70,59.00,58.40,58.40,203000,11930000,-0.30,,399084199,164,,
2016-02-17_5531,2016-02-17,5531,鄉林,twse,10.05,10.20,10.00,10.20,482058,4872833,0.15,,882310000,196,,
2016-02-17_5533,2016-02-17,5533,皇鼎,twse,16.85,17.00,16.75,16.95,125011,2109085,-0.05,,271335579,35,,
2016-02-17_5534,2016-02-17,5534,長虹,twse,44.10,44.10,42.85,42.90,276822,11983956,-1.2,,274317651,219,,
2016-02-17_5536,2016-02-17,5536,聖暉,tpex,83.00,83.00,81.30,81.30,35000,2862600,-0.90,,46615819,28,,
2016-02-17_5538,2016-02-17,5538,東明-KY,twse,25.85,26.00,25.40,25.40,12000,309850,-0.45,,168000000,9,,
2016-02-17_5601,2016-02-17,5601,台聯櫃,tpex,26.90,26.90,26.90,26.90,1000,26900,0.05,up,64800000,1,,
2016-02-17_5603,2016-02-17,5603,陸海,tpex,15.00,15.05,14.85,14.90,193000,2886500,-0.10,,78324575,65,,
2016-02-17_5604,2016-02-17,5604,中連貨,tpex,36.50,36.75,36.50,36.50,8000,292250,0.20,,108782968,7,,
2016-02-17_5607,2016-02-17,5607,遠雄港,twse,14.85,15.00,14.75,14.90,24000,357100,-0.1,,169979100,20,,
2016-02-17_5608,2016-02-17,5608,四維航,twse,11.40,11.45,11.35,11.45,83424,950824,0.05,,423560635,75,,
2016-02-17_5609,2016-02-17,5609,中菲行,tpex,15.60,15.70,15.60,15.65,36000,563300,0.00,,129000000,32,,
2016-02-17_5701,2016-02-17,5701,劍湖山,tpex,2.99,3.03,2.99,3.01,253000,759180,0.02,,253756957,60,,
2016-02-17_5703,2016-02-17,5703,亞都,tpex,,,,,0,0,,,70239594,0,無成交,
2016-02-17_5704,2016-02-17,5704,老爺知,tpex,31.40,34.00,31.40,34.00,389000,13076250,3.05,,38861658,165,,
2016-02-17_5706,2016-02-17,5706,鳳凰,twse,37.30,37.65,37.20,37.40,20400,762244,0.1,,64039575,58,,
2016-02-17_5820,2016-02-17,5820,日盛金,tpex,7.25,7.25,7.16,7.20,879000,6318630,-0.05,,3396302860,272,,
2016-02-17_5871,2016-02-17,5871,中租-KY,twse,53.70,53.70,52.60,52.60,3494489,184903817,-0.7,,1139229994,2052,,
2016-02-17_5878,2016-02-17,5878,台名,tpex,40.90,40.90,40.90,40.90,2000,81800,-0.70,down,23688000,2,,
2016-02-17_5880,2016-02-17,5880,合庫金,twse,13.95,13.95,13.70,13.85,7421518,102588639,-0.05,,11072229042,2575,,
2016-02-17_5902,2016-02-17,5902,德記,tpex,10.30,10.30,10.25,10.25,9000,92350,-0.50,,94500000,9,,
2016-02-17_5903,2016-02-17,5903,全家,tpex,201.00,210.50,201.00,207.00,292000,60286000,6.00,,223220000,191,,
2016-02-17_5904,2016-02-17,5904,寶雅,tpex,333.50,341.50,333.50,340.50,78000,26404000,7.00,,95277388,62,,
2016-02-17_5905,2016-02-17,5905,南仁湖,tpex,8.88,8.96,8.69,8.69,1012000,8910320,0.19,,203916957,345,,
2016-02-17_5906,2016-02-17,5906,台南-KY,twse,2.18,2.18,2.00,2.00,12000,25980,-0.18,,96323270,4,,
2016-02-17_5907,2016-02-17,5907,大洋-KY,twse,25.15,25.30,24.35,24.50,622000,15438950,-0.65,,201000000,343,,
2016-02-17_6005,2016-02-17,6005,群益證,twse,8.58,8.63,8.55,8.58,1089086,9351300,0.05,,2269072987,363,,
2016-02-17_6015,2016-02-17,6015,宏遠證,tpex,6.69,6.69,6.55,6.60,700000,4608820,0.00,,426838775,95,,
2016-02-17_6016,2016-02-17,6016,康和證,tpex,6.93,6.93,6.80,6.80,137000,940530,-0.12,,688336792,50,,
2016-02-17_6020,2016-02-17,6020,大展證,tpex,13.00,13.00,13.00,13.00,4000,52000,0.10,up,252353154,4,,
2016-02-17_6021,2016-02-17,6021,大慶證,tpex,10.10,10.10,9.88,9.95,77000,765490,-0.05,,306755974,35,,
2016-02-17_6022,2016-02-17,6022,大眾證,tpex,9.40,9.40,9.21,9.21,172000,1600580,-0.14,,377761822,66,,
2016-02-17_6023,2016-02-17,6023,元大期,tpex,37.60,37.60,37.05,37.30,103000,3834200,-0.30,,232276288,81,,
2016-02-17_6024,2016-02-17,6024,群益期,tpex,31.90,31.95,31.65,31.75,205000,6512250,-0.20,,122397804,123,,
2016-02-17_6026,2016-02-17,6026,福邦證,tpex,9.10,9.10,9.03,9.10,38000,344790,0.06,,241700000,19,,
2016-02-17_6101,2016-02-17,6101,弘捷,tpex,21.90,23.00,21.90,22.45,79000,1802600,0.85,,59826850,43,,
2016-02-17_6103,2016-02-17,6103,合邦,tpex,8.43,8.43,8.43,8.43,1000,8430,0.76,up,57084974,1,,
2016-02-17_6104,2016-02-17,6104,創惟,tpex,42.40,42.50,41.60,41.70,972000,40829750,-0.50,,89669184,684,,
2016-02-17_6105,2016-02-17,6105,瑞傳,tpex,43.85,43.85,42.85,42.90,105000,4548150,-0.10,,98417429,91,,
2016-02-17_6107,2016-02-17,6107,華美,tpex,89.20,91.10,89.10,90.00,752000,67865100,0.80,,73724875,527,,
2016-02-17_6108,2016-02-17,6108,競國,twse,13.20,13.25,13.10,13.15,68435,900198,0.0,,159899311,49,,
2016-02-17_6109,2016-02-17,6109,亞元,tpex,13.85,13.90,13.65,13.70,238000,3284350,0.05,,72686518,97,,
2016-02-17_6111,2016-02-17,6111,大宇資,tpex,107.50,108.00,105.00,106.50,451000,47956000,0.00,,46207830,367,,
2016-02-17_6112,2016-02-17,6112,邁達特,twse,25.75,25.75,25.55,25.65,53822,1380878,-0.05,,91720423,51,,
2016-02-17_6113,2016-02-17,6113,亞矽,tpex,7.77,7.94,7.61,7.61,86000,663050,-0.15,,50047100,54,,
2016-02-17_6114,2016-02-17,6114,久威,tpex,50.60,52.00,50.60,51.50,9000,462000,0.90,,36160793,8,,
2016-02-17_6115,2016-02-17,6115,鎰勝,twse,33.60,33.80,33.50,33.60,76556,2572137,0.0,,178666936,30,,
2016-02-17_6116,2016-02-17,6116,彩晶,twse,4.00,4.03,3.97,3.97,12745201,50887699,-0.02,,3233933851,2483,,
2016-02-17_6117,2016-02-17,6117,迎廣,twse,13.95,13.95,13.95,13.95,3181,44365,0.1,up,88650000,4,,
2016-02-17_6118,2016-02-17,6118,建達,tpex,8.24,8.28,8.17,8.17,61000,503430,0.08,,90889573,18,,
2016-02-17_6120,2016-02-17,6120,達運,twse,8.58,8.58,8.41,8.44,396000,3348317,-0.16,,735806114,237,,
2016-02-17_6121,2016-02-17,6121,新普,tpex,106.00,106.00,103.50,103.50,763000,79860500,-2.00,,308284198,633,,
2016-02-17_6122,2016-02-17,6122,擎邦,tpex,6.37,6.42,6.33,6.42,11000,69920,0.07,,68729089,8,,
2016-02-17_6123,2016-02-17,6123,上奇,tpex,31.70,32.95,30.50,31.45,3960000,125736900,0.45,,55143312,2188,,
2016-02-17_6124,2016-02-17,6124,業強,tpex,24.40,24.60,24.40,24.60,5000,122200,0.20,,182479945,5,,
2016-02-17_6125,2016-02-17,6125,廣運,tpex,12.40,12.80,12.40,12.60,2063000,26027100,0.25,,254011150,595,,
2016-02-17_6126,2016-02-17,6126,信音,tpex,7.39,7.59,7.39,7.55,69000,517380,0.05,,113693175,26,,
2016-02-17_6127,2016-02-17,6127,九豪,tpex,9.01,9.01,8.91,8.97,9000,80900,-0.03,,85041546,5,,
2016-02-17_6128,2016-02-17,6128,上福,twse,34.60,34.80,34.55,34.60,49025,1696561,0.0,,91088740,30,,
2016-02-17_6129,2016-02-17,6129,普誠,tpex,6.66,6.71,6.61,6.69,202000,1343830,0.03,,180943675,57,,
2016-02-17_6130,2016-02-17,6130,基因,tpex,28.25,28.25,28.25,28.25,3000,84750,0.55,up,26700000,3,,
2016-02-17_6131,2016-02-17,6131,鈞泰,twse,7.39,7.50,7.35,7.39,137011,1011407,0.0,,97731445,71,,
2016-02-17_6133,2016-02-17,6133,金橋,twse,10.00,10.05,10.00,10.05,2009,20140,0.05,,117006294,11,,
2016-02-17_6134,2016-02-17,6134,萬旭,tpex,6.98,7.01,6.98,7.00,62000,433630,0.02,,89800000,18,,
2016-02-17_6136,2016-02-17,6136,富爾特,twse,23.60,23.70,23.25,23.45,67891,1593530,-0.15,,115536412,62,,
2016-02-17_6138,2016-02-17,6138,茂達,tpex,21.60,22.15,21.20,21.75,383000,8286750,0.25,,100394572,204,,
2016-02-17_6139,2016-02-17,6139,亞翔,twse,21.25,21.30,20.75,20.90,581014,12170745,-0.35,,188251168,257,,
2016-02-17_6140,2016-02-17,6140,訊達,tpex,10.00,10.00,9.87,9.98,172000,1714690,-0.02,,38367906,53,,
2016-02-17_6141,2016-02-17,6141,柏承,twse,8.53,8.53,8.51,8.51,16011,136283,0.0,,133064450,7,,
2016-02-17_6142,2016-02-17,6142,友勁,twse,5.51,5.65,5.49,5.50,1451596,8079179,0.02,,268235633,427,,
2016-02-17_6143,2016-02-17,6143,振曜,tpex,59.00,63.00,58.80,62.00,2667000,163054800,4.10,,83280897,1691,,
2016-02-17_6144,2016-02-17,6144,得利影,tpex,9.29,9.29,9.29,9.29,1000,9290,0.50,up,73117806,1,,
2016-02-17_6145,2016-02-17,6145,勁永,twse,10.30,10.50,10.30,10.45,267163,2782844,0.05,,325533329,129,,
2016-02-17_6146,2016-02-17,6146,耕興,tpex,186.00,187.50,184.00,184.50,99000,18325500,-0.50,,89085908,90,,
2016-02-17_6147,2016-02-17,6147,頎邦,tpex,50.50,52.10,50.20,50.90,8769000,448883000,0.90,,649186998,4430,,
2016-02-17_6148,2016-02-17,6148,驊宏資,tpex,7.80,7.94,7.71,7.85,549000,4304400,0.08,,90002000,178,,
2016-02-17_6150,2016-02-17,6150,撼訊,tpex,7.15,7.30,7.10,7.15,93000,669480,0.05,,50440091,34,,
2016-02-17_6151,2016-02-17,6151,晉倫,tpex,24.10,24.70,24.05,24.35,619000,15086450,0.40,,55257300,286,,
2016-02-17_6152,2016-02-17,6152,百一,twse,7.65,7.66,7.59,7.60,173217,1319125,-0.05,,172400463,68,,
2016-02-17_6153,2016-02-17,6153,嘉聯益,twse,22.10,23.00,21.95,22.30,1852026,41646675,0.3,,323159665,883,,
2016-02-17_6154,2016-02-17,6154,順發,tpex,16.00,16.20,16.00,16.20,18000,291100,0.25,,80080000,12,,
2016-02-17_6155,2016-02-17,6155,鈞寶,twse,17.70,17.70,17.50,17.50,8100,142363,0.0,,85096465,12,,
2016-02-17_6156,2016-02-17,6156,松上,tpex,13.50,13.50,13.45,13.50,6000,80950,0.10,,77381355,4,,
2016-02-17_6158,2016-02-17,6158,禾昌,tpex,19.10,19.10,18.55,18.80,701000,13184000,0.00,,113468975,208,,
2016-02-17_6160,2016-02-17,6160,欣技,tpex,15.15,15.15,15.05,15.10,33000,498550,0.05,,68489120,24,,
2016-02-17_6161,2016-02-17,6161,捷波,tpex,6.82,6.85,6.81,6.85,26000,177350,0.02,,120833290,18,,
2016-02-17_6163,2016-02-17,6163,華電網,tpex,11.40,11.45,11.10,11.15,1600000,18036150,0.15,,103481692,598,,
2016-02-17_6164,2016-02-17,6164,華興,twse,9.84,10.15,9.84,10.00,519602,5199709,0.16,,118303239,141,,
2016-02-17_6165,2016-02-17,6165,浪凡,twse,10.60,11.35,10.55,10.85,130033,1421808,-0.3,,49682403,51,,
2016-02-17_6166,2016-02-17,6166,凌華,twse,73.00,73.50,72.00,72.20,831414,60428187,-0.5,,216758834,528,,
2016-02-17_6167,2016-02-17,6167,久正,tpex,4.45,4.48,4.38,4.38,538000,2375050,-0.05,,162173221,83,,
2016-02-17_6168,2016-02-17,6168,宏齊,twse,12.40,12.50,12.25,12.25,376784,4646142,-0.15,,207201801,245,,
2016-02-17_6169,2016-02-17,6169,昱泉,tpex,24.80,25.10,24.30,24.40,113000,2780100,-0.40,,35473750,59,,
2016-02-17_6170,2016-02-17,6170,統振,tpex,9.46,9.58,9.41,9.50,61000,579780,0.20,,91670038,22,,
2016-02-17_6171,2016-02-17,6171,亞銳士,tpex,10.25,10.25,10.15,10.15,3000,30550,0.10,,75351921,3,,
2016-02-17_6172,2016-02-17,6172,互億,twse,7.23,7.23,7.23,7.23,1546,11221,0.11,up,30000000,2,,
2016-02-17_6173,2016-02-17,6173,信昌電,tpex,10.05,10.10,9.86,10.00,620000,6207550,-0.05,,185116308,174,,
2016-02-17_6174,2016-02-17,6174,安碁,tpex,13.50,14.30,13.45,14.05,45000,613550,0.70,,50000000,26,,
2016-02-17_6175,2016-02-17,6175,立敦,tpex,12.90,12.90,12.80,12.80,10000,128900,0.05,,137870516,10,,
2016-02-17_6176,2016-02-17,6176,瑞儀,twse,66.00,66.90,65.00,65.40,5803162,382341521,-0.2,,465027263,3802,,
2016-02-17_6177,2016-02-17,6177,達麗,twse,19.10,19.15,18.85,18.85,41539,787383,-0.15,,197798601,35,,
2016-02-17_6179,2016-02-17,6179,亞通,tpex,38.00,38.10,37.85,38.05,59000,2243900,0.05,,50156326,37,,
2016-02-17_6180,2016-02-17,6180,橘子,tpex,37.30,37.60,36.85,36.90,635000,23530000,-0.20,,157593615,435,,
2016-02-17_6182,2016-02-17,6182,合晶,tpex,11.85,12.85,11.85,12.75,18370000,228609700,1.00,,413173325,5609,,
2016-02-17_6183,2016-02-17,6183,關貿,twse,25.10,25.35,25.10,25.30,61001,1539725,0.25,,150000000,18,,
2016-02-17_6184,2016-02-17,6184,大豐電,twse,48.25,48.40,48.20,48.40,65206,3145308,-0.2,,139621532,45,,
2016-02-17_6185,2016-02-17,6185,幃翔,tpex,21.35,21.75,21.35,21.75,219000,4722550,0.25,,114286913,107,,
2016-02-17_6186,2016-02-17,6186,新潤,tpex,19.80,19.95,19.60,19.80,49000,965350,0.05,,68355437,32,,
2016-02-17_6187,2016-02-17,6187,萬潤,tpex,42.10,42.20,41.55,41.70,166000,6948650,-0.30,,85335902,110,,
2016-02-17_6188,2016-02-17,6188,廣明,tpex,22.70,23.60,22.60,23.25,1243000,28741550,0.45,,278358910,565,,
2016-02-17_6189,2016-02-17,6189,豐藝,twse,33.20,33.60,33.15,33.20,295878,9880552,0.05,,179045194,193,,
2016-02-17_6190,2016-02-17,6190,萬泰科,tpex,5.90,6.19,5.75,5.99,315000,1878140,0.10,,123260823,82,,
2016-02-17_6191,2016-02-17,6191,精成科,twse,7.08,7.15,7.00,7.06,356205,2515254,0.03,,531546903,176,,
2016-02-17_6192,2016-02-17,6192,巨路,twse,43.00,44.20,42.80,43.80,142100,6214970,1.0,,118710828,106,,
2016-02-17_6194,2016-02-17,6194,育富,tpex,19.50,19.50,19.45,19.45,24000,467600,-0.05,,80000000,17,,
2016-02-17_6195,2016-02-17,6195,詩肯,tpex,47.30,47.30,46.15,46.25,15000,698550,-0.05,,42982940,13,,
2016-02-17_6196,2016-02-17,6196,帆宣,twse,24.25,24.30,23.80,23.95,961300,23110620,0.2,,165069756,467,,
2016-02-17_6197,2016-02-17,6197,佳必琪,twse,27.25,27.45,27.10,27.30,341233,9313207,0.1,,173447843,238,,
2016-02-17_6198,2016-02-17,6198,凌泰,tpex,15.45,16.15,15.45,15.70,15000,234950,0.20,,20135350,11,,
2016-02-17_6199,2016-02-17,6199,天品,tpex,14.00,14.00,14.00,14.00,3000,42000,0.00,flat,61760018,1,,
2016-02-17_6201,2016-02-17,6201,亞弘電,twse,25.75,26.10,25.75,25.90,34000,879050,-0.2,,89200000,15,,
2016-02-17_6202,2016-02-17,6202,盛群,twse,48.30,49.20,48.00,49.10,1023702,49877417,0.9,,226168200,657,,
2016-02-17_6203,2016-02-17,6203,海韻電,tpex,30.20,31.00,30.20,31.00,79000,2419800,0.50,,79953277,27,,
2016-02-17_6204,2016-02-17,6204,艾華,tpex,23.00,23.35,23.00,23.30,14000,324350,0.30,,36097000,12,,
2016-02-17_6205,2016-02-17,6205,詮欣,twse,29.85,29.95,29.05,29.15,437003,12896488,-0.7,,71839079,210,,
2016-02-17_6206,2016-02-17,6206,飛捷,twse,106.00,107.50,104.00,104.00,1006276,106741704,-1.0,,146368324,713,,
2016-02-17_6207,2016-02-17,6207,雷科,tpex,23.80,23.80,23.50,23.50,195000,4604800,-0.25,,83954589,102,,
2016-02-17_6208,2016-02-17,6208,日揚,tpex,11.15,11.20,11.00,11.05,292000,3242600,-0.05,,115108797,108,,
2016-02-17_6209,2016-02-17,6209,今國光,twse,17.60,17.80,17.30,17.80,1399099,24615248,0.35,,162575681,640,,
2016-02-17_6210,2016-02-17,6210,慶生,tpex,44.30,44.70,44.20,44.60,46000,2042050,0.40,,35048000,30,,
2016-02-17_6212,2016-02-17,6212,理銘,tpex,,,,,0,0,,,102000000,0,無成交,
2016-02-17_6213,2016-02-17,6213,聯茂,twse,25.50,26.10,25.45,25.50,1551852,39979441,0.3,,307957218,700,,
2016-02-17_6214,2016-02-17,6214,精誠,twse,51.60,52.00,51.40,51.50,467690,24168002,0.3,,268533304,318,,
2016-02-17_6215,2016-02-17,6215,和椿,twse,12.55,13.15,12.40,12.95,493020,6321849,0.55,,82789693,318,,
2016-02-17_6216,2016-02-17,6216,居易,twse,27.90,27.95,27.50,27.70,275612,7629520,-0.05,,77996137,176,,
2016-02-17_6217,2016-02-17,6217,中探針,tpex,43.35,44.00,43.25,43.40,604000,26302900,0.40,,59406246,407,,
2016-02-17_6218,2016-02-17,6218,豪勉,tpex,17.25,17.45,16.90,17.40,107000,1840500,0.30,,64262000,55,,
2016-02-17_6219,2016-02-17,6219,富旺,tpex,11.90,11.90,11.65,11.90,20000,236200,0.15,,175871276,13,,
2016-02-17_6220,2016-02-17,6220,岳豐,tpex,14.85,14.95,14.70,14.80,392000,5809950,-0.05,,132532942,117,,
2016-02-17_6221,2016-02-17,6221,晉泰,tpex,23.25,23.50,23.20,23.50,57000,1333250,0.30,,37384199,34,,
2016-02-17_6222,2016-02-17,6222,上揚,tpex,7.98,7.98,7.98,7.98,1000,7980,0.31,up,57545883,1,,
2016-02-17_6223,2016-02-17,6223,旺矽,tpex,64.50,64.50,62.60,62.60,675000,42914200,-0.80,,79605392,514,,
2016-02-17_6224,2016-02-17,6224,聚鼎,twse,63.80,63.80,62.60,62.80,154205,9757716,-0.9,,80001838,135,,
2016-02-17_6225,2016-02-17,6225,天瀚,twse,2.55,2.55,2.54,2.55,13764,35067,-0.25,,93922655,11,,
2016-02-17_6226,2016-02-17,6226,光鼎,twse,5.55,5.69,5.55,5.56,268005,1506755,-0.01,,93781323,89,,
2016-02-17_6227,2016-02-17,6227,茂綸,tpex,20.80,20.80,20.80,20.80,569000,11835200,1.85,up,76111786,261,,
2016-02-17_6228,2016-02-17,6228,全譜,tpex,10.00,10.35,9.80,10.30,733000,7501980,0.87,,41114627,334,,
2016-02-17_6229,2016-02-17,6229,研通,tpex,10.70,10.70,10.50,10.60,44000,464950,0.00,,36087700,20,,
2016-02-17_6230,2016-02-17,6230,尼得科超眾,twse,157.00,160.00,154.00,154.50,1991401,312174949,-2.5,,86343396,1456,,
2016-02-17_6231,2016-02-17,6231,系微,tpex,21.90,22.35,21.90,22.00,73000,1613950,0.10,,38043488,46,,
2016-02-17_6233,2016-02-17,6233,旺玖,tpex,12.35,12.65,12.30,12.45,231000,2885900,0.10,,84574896,101,,
2016-02-17_6234,2016-02-17,6234,高僑,tpex,17.30,17.30,17.00,17.10,236000,4042400,-0.10,,71434141,96,,
2016-02-17_6235,2016-02-17,6235,華孚,twse,9.20,9.20,9.02,9.04,120004,1093156,-0.16,,161452606,40,,
2016-02-17_6236,2016-02-17,6236,康呈,tpex,32.60,32.60,31.05,32.35,5000,160450,0.35,,31654039,5,,
2016-02-17_6237,2016-02-17,6237,驊訊,tpex,33.20,34.40,33.00,33.25,391000,13175900,0.25,,77696371,221,,
2016-02-17_6238,2016-02-17,6238,勝麗,tpex,244.00,257.00,240.50,249.00,1343000,335314000,9.00,,42848102,1071,,
2016-02-17_6239,2016-02-17,6239,力成,twse,71.90,72.60,71.30,72.00,4061549,292495828,0.7,,779146634,2289,,
2016-02-17_6240,2016-02-17,6240,松崗,tpex,,,,,0,0,,,23098370,0,無成交,
2016-02-17_6241,2016-02-17,6241,易通展,tpex,12.85,12.90,12.85,12.90,5000,64350,-0.20,,23717288,5,,
2016-02-17_6242,2016-02-17,6242,立康,tpex,,,,,0,0,,,20000000,0,無成交,
2016-02-17_6243,2016-02-17,6243,迅杰,twse,16.75,17.25,16.75,17.00,1312394,22335551,0.4,,75297693,648,,
2016-02-17_6244,2016-02-17,6244,茂迪,tpex,41.00,41.80,40.50,40.80,6212000,255897800,-0.10,,486692408,3859,,
2016-02-17_6245,2016-02-17,6245,立端,tpex,37.85,39.00,37.80,38.90,701000,26961300,0.80,,97500814,492,,
2016-02-17_6246,2016-02-17,6246,臺龍,tpex,3.30,3.30,2.90,3.10,11000,34100,-0.10,,135937563,5,,
2016-02-17_6247,2016-02-17,6247,淇譽電,tpex,12.00,12.00,11.80,11.90,94000,1115600,-0.10,,60321000,39,,
2016-02-17_6248,2016-02-17,6248,沛波,tpex,,,,,0,0,,,30675184,0,無成交,
2016-02-17_6251,2016-02-17,6251,定穎,twse,9.20,9.24,9.13,9.13,182126,1669169,-0.03,,281059335,91,,
2016-02-17_6257,2016-02-17,6257,矽格,twse,22.50,22.75,22.25,22.30,1435101,32226239,-0.05,,359886543,663,,
2016-02-17_6259,2016-02-17,6259,百徽,tpex,7.79,7.79,7.39,7.39,175000,1311110,-0.21,,72936430,85,,
2016-02-17_6261,2016-02-17,6261,久元,tpex,48.00,48.00,47.30,47.65,171000,8143700,-0.25,,128497989,148,,
2016-02-17_6263,2016-02-17,6263,普萊德,tpex,43.00,43.05,42.55,42.90,82000,3516400,0.20,,62500964,55,,
2016-02-17_6265,2016-02-17,6265,方土昶,tpex,6.40,6.41,6.34,6.39,144000,918240,-0.02,,118172151,41,,
2016-02-17_6266,2016-02-17,6266,泰詠,tpex,13.35,13.45,13.35,13.40,390000,5219650,0.05,,84996280,145,,
2016-02-17_6269,2016-02-17,6269,台郡,twse,83.70,83.70,82.10,82.20,3736908,309270614,-0.5,,277947829,2405,,
2016-02-17_6270,2016-02-17,6270,倍微,tpex,9.95,10.05,9.95,9.96,54000,539190,0.02,,72145759,20,,
2016-02-17_6271,2016-02-17,6271,同欣電,twse,79.50,79.80,78.30,79.00,804000,63577900,0.1,,162907031,633,,
2016-02-17_6274,2016-02-17,6274,台燿,tpex,24.55,24.90,24.30,24.60,1619000,39959900,0.05,,241652558,809,,
2016-02-17_6275,2016-02-17,6275,元山,tpex,11.45,11.45,11.30,11.45,43000,491500,0.10,,53097131,23,,
2016-02-17_6276,2016-02-17,6276,安鈦克,tpex,6.80,6.80,6.26,6.49,22000,139680,0.14,,43789000,12,,
2016-02-17_6277,2016-02-17,6277,宏正,twse,69.40,70.10,68.90,69.70,157200,10939838,0.8,,119471166,141,,
2016-02-17_6278,2016-02-17,6278,台表科,twse,28.70,28.80,28.50,28.55,411513,11790468,-0.05,,295398353,309,,
2016-02-17_6279,2016-02-17,6279,胡連,tpex,146.00,151.50,146.00,146.00,2251000,333894000,1.50,,97153205,1727,,
2016-02-17_6281,2016-02-17,6281,全國電,twse,55.70,56.10,55.70,55.70,17220,961049,-0.1,,99172945,20,,
2016-02-17_6282,2016-02-17,6282,康舒,twse,22.85,23.10,22.50,22.65,4257604,97030896,-0.05,,518005295,2116,,
2016-02-17_6283,2016-02-17,6283,淳安,twse,4.35,4.35,4.25,4.28,179005,771980,0.01,,142380528,40,,
2016-02-17_6284,2016-02-17,6284,佳邦,tpex,20.80,20.85,20.50,20.50,94000,1942300,-0.25,,102558254,59,,
2016-02-17_6285,2016-02-17,6285,啟碁,twse,87.50,88.50,87.10,88.00,3225710,283076680,0.5,,335224633,2092,,
2016-02-17_6286,2016-02-17,6286,立錡,twse,192.50,193.00,192.50,192.50,243003,46831076,-0.5,,148517306,181,,
2016-02-17_6287,2016-02-17,6287,元隆,tpex,3.15,3.20,3.15,3.20,17000,54300,0.05,,182568845,8,,
2016-02-17_6289,2016-02-17,6289,華上,twse,1.07,1.07,1.07,1.07,90001,96301,0.0,flat,269260452,8,,
2016-02-17_6290,2016-02-17,6290,良維,tpex,29.10,29.85,28.65,29.80,1113000,32672300,1.00,,130191466,683,,
2016-02-17_6291,2016-02-17,6291,沛亨,tpex,,,,,0,0,,,26111515,0,無成交,
2016-02-17_6292,2016-02-17,6292,迅德,tpex,28.00,28.15,28.00,28.15,12000,336900,0.15,,46900712,10,,
2016-02-17_6294,2016-02-17,6294,智基,tpex,97.50,98.00,92.30,92.30,113000,10835900,-4.70,,16885000,106,,
2016-02-17_6298,2016-02-17,6298,崴強,tpex,16.30,16.35,16.25,16.30,107000,1744200,0.05,,168951974,72,,
2016-02-17_6404,2016-02-17,6404,F-通訊,tpex,34.00,35.30,34.00,34.65,1078000,37536800,0.90,,37904000,695,,
2016-02-17_6405,2016-02-17,6405,悅城,twse,18.00,18.15,17.95,18.00,132004,2380722,0.1,,65800000,61,,
2016-02-17_6409,2016-02-17,6409,旭隼,twse,496.00,506.00,496.00,500.00,187517,94061949,5.0,,74355640,86,,
2016-02-17_6411,2016-02-17,6411,晶焱,tpex,32.00,32.20,31.60,31.70,325000,10364500,-0.15,,66045000,214,,
2016-02-17_6412,2016-02-17,6412,群電,twse,37.75,38.00,37.30,38.00,123038,4630406,0.5,,368319103,71,,
2016-02-17_6414,2016-02-17,6414,樺漢,twse,348.00,363.00,348.00,360.00,781753,278981699,11.5,,68680341,717,,
2016-02-17_6415,2016-02-17,6415,矽力*-KY,twse,405.00,441.00,405.00,418.50,810228,345711848,17.5,,78130208,729,,
2016-02-17_6417,2016-02-17,6417,韋僑,tpex,36.60,37.05,36.60,36.70,100000,3682100,-0.20,,35614000,71,,
2016-02-17_6419,2016-02-17,6419,京晨科,tpex,19.60,19.65,19.60,19.65,5000,98100,0.00,,22045170,4,,
2016-02-17_6422,2016-02-17,6422,君耀-KY,twse,53.00,53.60,52.60,53.40,147200,7827900,0.4,,36651300,101,,
2016-02-17_6426,2016-02-17,6426,統新,tpex,34.95,35.50,34.95,35.40,21000,744650,0.30,,32290000,8,,
2016-02-17_6431,2016-02-17,6431,光麗-KY,twse,9.20,9.29,8.86,8.93,18000,161760,-0.08,,45642835,14,,
2016-02-17_6432,2016-02-17,6432,今展科,tpex,31.80,32.00,31.15,31.70,307000,9681350,-0.15,,19548440,209,,
2016-02-17_6435,2016-02-17,6435,大中,tpex,31.90,32.10,31.40,31.60,209000,6628450,-0.65,,32614000,139,,
2016-02-17_6442,2016-02-17,6442,光聖,twse,50.30,51.20,49.40,50.60,543238,27389823,0.9,,66000000,383,,
2016-02-17_6443,2016-02-17,6443,元晶,twse,17.05,17.05,17.05,17.05,6729774,114742643,1.55,up,351855000,1410,,
2016-02-17_6449,2016-02-17,6449,鈺邦,twse,30.30,30.45,29.35,29.90,200000,5984500,0.65,,73190126,125,,
2016-02-17_6451,2016-02-17,6451,訊芯-KY,twse,94.20,100.50,93.60,96.70,642002,62512898,3.3,,105446800,541,,
2016-02-17_6452,2016-02-17,6452,康友-KY,twse,335.50,362.00,335.50,356.00,1792761,630674916,23.5,,65000000,1584,,
2016-02-17_6456,2016-02-17,6456,GIS-KY,twse,93.10,99.80,93.00,97.80,5319087,515334013,5.5,,309456600,3664,,
2016-02-17_6457,2016-02-17,6457,紘康,tpex,38.10,38.70,37.90,37.90,90000,3432750,0.20,,27458204,65,,
2016-02-17_6462,2016-02-17,6462,神盾,tpex,139.50,139.50,136.00,138.00,252000,34526500,0.00,,68469254,216,,
2016-02-17_6464,2016-02-17,6464,台數科,twse,128.00,128.50,127.00,128.00,55100,7040500,0.0,,124367000,50,,
2016-02-17_6465,2016-02-17,6465,威潤,tpex,79.80,81.90,79.80,81.60,68000,5492800,-0.40,,22035180,50,,
2016-02-17_6470,2016-02-17,6470,宇智,tpex,50.50,51.20,50.00,50.60,331000,16726300,0.30,,31324100,231,,
2016-02-17_6485,2016-02-17,6485,點序,tpex,54.20,54.60,53.40,54.60,72000,3889700,0.40,,23746000,36,,
2016-02-17_6488,2016-02-17,6488,環球晶,tpex,72.70,72.90,72.10,72.10,214000,15518600,-0.60,,369250000,136,,
2016-02-17_6496,2016-02-17,6496,科懋,tpex,76.00,82.10,74.40,82.10,338000,26636000,7.40,,46667000,219,,
2016-02-17_6504,2016-02-17,6504,南六,twse,149.00,149.00,142.50,144.50,215170,31169574,-2.5,,72600000,215,,
2016-02-17_6505,2016-02-17,6505,台塑化,twse,80.60,81.80,80.30,81.00,2514233,203286473,0.5,,9525959652,1361,,
2016-02-17_6506,2016-02-17,6506,雙邦,tpex,19.10,19.15,18.65,18.65,456000,8616750,-0.10,,75349968,250,,
2016-02-17_6508,2016-02-17,6508,惠光,tpex,25.45,25.50,25.30,25.40,75000,1907500,-0.10,,79569567,36,,
2016-02-17_6509,2016-02-17,6509,聚和,tpex,19.10,19.50,19.10,19.15,1206000,23217700,0.15,,164538566,515,,
2016-02-17_6514,2016-02-17,6514,F-芮特,tpex,66.10,66.80,65.00,65.10,88000,5759600,-1.80,,19417000,76,,
2016-02-17_6603,2016-02-17,6603,富強鑫,tpex,9.77,9.90,9.77,9.90,14000,137390,-0.01,,119510015,9,,
2016-02-17_6605,2016-02-17,6605,帝寶,twse,115.00,116.50,114.50,116.50,402525,46583900,2.0,,165816397,316,,
2016-02-17_6609,2016-02-17,6609,瀧澤科,tpex,26.50,26.85,26.45,26.70,119000,3171050,0.25,,71035535,84,,
2016-02-17_6702,2016-02-17,6702,興航,twse,7.50,7.50,7.38,7.43,312685,2320795,-0.07,,633659681,143,,
2016-02-17_6803,2016-02-17,6803,崑鼎,tpex,162.00,162.00,161.00,161.50,39000,6303500,-0.50,,65862648,34,,
2016-02-17_7402,2016-02-17,7402,邑錡,tpex,80.90,82.10,80.20,80.20,58000,4699600,-0.70,,18746371,50,,
2016-02-17_8011,2016-02-17,8011,台通,twse,20.25,20.25,19.80,19.85,694445,13897473,0.05,,101877184,371,,
2016-02-17_8016,2016-02-17,8016,矽創,twse,97.00,97.90,94.00,94.60,1474744,140541074,-2.0,,119137611,1188,,
2016-02-17_8021,2016-02-17,8021,尖點,twse,21.90,21.90,21.55,21.60,438000,9503200,-0.15,,159204046,286,,
2016-02-17_8024,2016-02-17,8024,佑華,tpex,10.30,10.40,10.30,10.40,36000,372600,-0.05,,46392100,2,,
2016-02-17_8027,2016-02-17,8027,鈦昇,tpex,19.35,19.90,19.25,19.60,142000,2780750,0.20,,55408537,57,,
2016-02-17_8032,2016-02-17,8032,光菱,tpex,27.15,27.15,26.70,26.75,8000,215450,-0.25,,51810300,8,,
2016-02-17_8033,2016-02-17,8033,雷虎,twse,8.55,8.65,8.51,8.51,114812,980548,-0.04,,128729075,79,,
2016-02-17_8034,2016-02-17,8034,榮群,tpex,5.92,5.99,5.92,5.93,50000,297360,0.01,,62873725,11,,
2016-02-17_8038,2016-02-17,8038,長園科,tpex,55.50,55.90,53.80,54.00,496000,27036000,-1.70,,54709000,367,,
2016-02-17_8039,2016-02-17,8039,台虹,twse,37.50,37.60,37.00,37.15,689602,25739919,-0.15,,204267835,378,,
2016-02-17_8040,2016-02-17,8040,九暘,tpex,8.15,8.35,7.85,8.29,329000,2702400,0.21,,83625258,143,,
2016-02-17_8042,2016-02-17,8042,金山電,tpex,40.20,40.65,40.00,40.00,151000,6097650,-0.55,,102504092,101,,
2016-02-17_8043,2016-02-17,8043,蜜望實,tpex,14.80,14.85,14.70,14.80,82000,1209950,0.05,,79907170,28,,
2016-02-17_8044,2016-02-17,8044,網家,tpex,320.00,324.00,318.50,322.00,748000,240595500,0.00,,99854871,625,,
2016-02-17_8046,2016-02-17,8046,南電,twse,32.60,33.80,32.60,33.10,985163,32847629,0.5,,646165487,737,,
2016-02-17_8047,2016-02-17,8047,星雲,tpex,10.55,10.85,10.55,10.80,10000,107400,0.10,,41473843,8,,
2016-02-17_8048,2016-02-17,8048,德勝,tpex,45.05,45.50,44.70,44.70,326000,14713000,-0.10,,51932532,249,,
2016-02-17_8049,2016-02-17,8049,晶采,tpex,11.85,11.90,11.60,11.70,1511000,17736050,0.00,,121534308,562,,
2016-02-17_8050,2016-02-17,8050,廣積,tpex,53.90,54.30,52.40,52.80,813000,43288900,-0.20,,113848840,583,,
2016-02-17_8053,2016-02-17,8053,巨擘,tpex,1.18,1.18,1.17,1.17,32000,37640,-0.08,,411817636,4,,
2016-02-17_8054,2016-02-17,8054,安國,tpex,19.30,19.30,19.05,19.20,94000,1798400,-0.10,,78765228,49,,
2016-02-17_8059,2016-02-17,8059,凱碩,tpex,13.60,13.60,13.10,13.30,328000,4370050,-0.25,,91118000,143,,
2016-02-17_8064,2016-02-17,8064,東捷,tpex,12.00,12.10,11.90,12.10,95000,1140600,0.10,,133716836,52,,
2016-02-17_8066,2016-02-17,8066,來思達,tpex,97.80,98.00,95.50,96.10,49000,4707900,-1.20,,25126920,37,,
2016-02-17_8067,2016-02-17,8067,志旭,tpex,,,,,0,0,,,44755439,0,無成交,
2016-02-17_8068,2016-02-17,8068,全達,tpex,11.80,13.45,11.40,13.45,15000,183950,0.90,,30660000,7,,
2016-02-17_8069,2016-02-17,8069,元太,tpex,15.90,16.10,15.80,15.90,7306000,116367300,0.05,,1140467715,2097,,
2016-02-17_8070,2016-02-17,8070,長華*,twse,83.70,85.20,83.10,84.10,412120,34694002,1.5,,73977707,196,,
2016-02-17_8071,2016-02-17,8071,能率豐,tpex,11.50,11.50,11.35,11.50,16000,182600,0.00,,51854283,10,,
2016-02-17_8072,2016-02-17,8072,陞泰,twse,25.85,25.85,25.45,25.70,52954,1357166,0.25,,100000000,37,,
2016-02-17_8074,2016-02-17,8074,鉅橡,tpex,23.50,24.95,23.50,24.70,417000,10180300,1.40,,65844156,249,,
2016-02-17_8076,2016-02-17,8076,伍豐,tpex,81.70,81.70,79.80,79.80,1565000,126129600,-1.20,,240321914,1118,,
2016-02-17_8077,2016-02-17,8077,洛碁,tpex,46.95,50.70,46.95,50.70,3000,145150,3.75,,50294888,3,,
2016-02-17_8079,2016-02-17,8079,誠遠,tpex,17.10,17.15,17.05,17.05,39000,666300,-0.05,,80200031,19,,
2016-02-17_8080,2016-02-17,8080,奧斯特,tpex,19.75,20.15,19.25,19.80,1008000,19856750,0.15,,63991604,370,,
2016-02-17_8081,2016-02-17,8081,致新,twse,59.00,59.00,58.00,58.20,85593,4996670,-0.4,,86172072,77,,
2016-02-17_8082,2016-02-17,8082,漢承泰,tpex,1.93,1.93,1.93,1.93,1000,1930,0.10,up,106608873,1,,
2016-02-17_8083,2016-02-17,8083,瑞穎,tpex,135.00,135.00,133.50,134.50,33000,4432500,-0.50,,35133193,30,,
2016-02-17_8084,2016-02-17,8084,巨虹,tpex,24.15,24.20,24.15,24.20,2000,48350,0.65,,53936544,2,,
2016-02-17_8085,2016-02-17,8085,福華,tpex,3.65,3.68,3.60,3.60,116000,421860,-0.05,,157257242,33,,
2016-02-17_8086,2016-02-17,8086,宏捷科,tpex,76.20,76.50,73.60,73.70,4681000,349748200,-1.80,,140319123,3320,,
2016-02-17_8087,2016-02-17,8087,華鎂鑫,tpex,7.85,7.85,7.79,7.79,5000,39130,-0.17,,29868965,4,,
2016-02-17_8088,2016-02-17,8088,品安,tpex,15.25,15.30,15.05,15.20,78000,1181800,0.05,,57859468,50,,
2016-02-17_8091,2016-02-17,8091,翔名,tpex,60.50,60.50,59.40,59.60,164000,9811100,-0.50,,60680163,128,,
2016-02-17_8092,2016-02-17,8092,建暐,tpex,7.77,7.77,7.50,7.60,49000,372020,0.00,,38850616,9,,
2016-02-17_8093,2016-02-17,8093,保銳,tpex,,,,,0,0,,,64208493,0,無成交,
2016-02-17_8096,2016-02-17,8096,擎亞,tpex,18.25,18.95,18.20,18.40,2137000,39718900,0.30,,122262652,947,,
2016-02-17_8097,2016-02-17,8097,常珵,tpex,9.15,9.15,8.25,8.77,23000,198540,0.03,,26674306,18,,
2016-02-17_8099,2016-02-17,8099,大世科,tpex,17.10,17.30,17.10,17.30,28000,481850,0.15,,67200000,21,,
2016-02-17_8101,2016-02-17,8101,華冠,twse,7.07,7.10,7.00,7.00,493060,3470634,-0.01,,418627591,203,,
2016-02-17_8103,2016-02-17,8103,瀚荃,twse,25.05,25.40,24.85,24.95,312650,7848850,0.15,,78268666,218,,
2016-02-17_8105,2016-02-17,8105,凌巨,twse,19.30,19.80,19.15,19.55,5929039,115430607,0.45,,441544851,2243,,
2016-02-17_8107,2016-02-17,8107,大億科,tpex,19.30,19.55,19.05,19.40,310000,5976300,0.10,,114429024,93,,
2016-02-17_8109,2016-02-17,8109,博大,tpex,62.20,62.20,61.20,61.40,111000,6834700,0.10,,60044135,81,,
2016-02-17_8110,2016-02-17,8110,華東,twse,7.86,7.94,7.81,7.88,813080,6388847,0.12,,482963030,339,,
2016-02-17_8111,2016-02-17,8111,立碁,tpex,4.19,4.19,4.03,4.14,104000,426290,0.12,,117102223,39,,
2016-02-17_8112,2016-02-17,8112,至上,twse,13.70,13.85,13.60,13.75,1372506,18789277,0.15,,274406535,472,,
2016-02-17_8114,2016-02-17,8114,振樺電,twse,155.00,156.00,153.00,153.00,91809,14182968,-2.0,,67632248,93,,
2016-02-17_8121,2016-02-17,8121,越峰,tpex,14.80,15.10,14.65,14.65,684000,10159600,0.05,,182422743,363,,
2016-02-17_8131,2016-02-17,8131,福懋科,twse,20.00,20.05,19.85,19.90,189000,3772200,0.0,,442222223,131,,
2016-02-17_8147,2016-02-17,8147,正淩,tpex,44.20,44.50,43.40,43.95,101000,4437600,0.45,,24856570,73,,
2016-02-17_8150,2016-02-17,8150,南茂,twse,32.70,32.85,32.30,32.85,1096500,35837998,0.4,,896206643,524,,
2016-02-17_8155,2016-02-17,8155,博智,tpex,16.50,16.85,16.50,16.85,54000,900600,0.50,,49756000,31,,
2016-02-17_8163,2016-02-17,8163,達方,twse,17.90,17.95,17.30,17.50,764005,13503035,-0.3,,297902001,471,,
2016-02-17_8171,2016-02-17,8171,天宇,tpex,11.80,11.80,11.40,11.75,596000,6913850,-0.10,,52849230,282,,
2016-02-17_8176,2016-02-17,8176,智捷,tpex,8.20,8.20,8.05,8.05,59000,479120,0.00,,79100000,24,,
2016-02-17_8182,2016-02-17,8182,加高,tpex,13.30,13.40,13.05,13.05,191000,2529100,0.15,,107041215,99,,
2016-02-17_8183,2016-02-17,8183,精星,tpex,5.10,5.25,5.10,5.15,233000,1203770,0.08,,116091068,72,,
2016-02-17_8201,2016-02-17,8201,無敵,twse,8.19,8.21,8.17,8.21,110059,901143,0.02,,89094679,45,,
2016-02-17_8210,2016-02-17,8210,勤誠,twse,39.25,39.90,39.00,39.40,325224,12789397,0.15,,120125950,212,,
2016-02-17_8213,2016-02-17,8213,志超,twse,31.65,31.70,31.25,31.30,646368,20311118,-0.3,,271242938,473,,
2016-02-17_8215,2016-02-17,8215,明基材,twse,18.85,19.20,18.85,19.00,680340,12967375,0.25,,320674514,348,,
2016-02-17_8222,2016-02-17,8222,寶一,twse,26.90,27.50,26.25,26.80,2639229,71186852,-0.1,,68186905,1339,,
2016-02-17_8234,2016-02-17,8234,新漢,tpex,27.45,27.45,27.15,27.25,245000,6692700,-0.05,,140262472,146,,
2016-02-17_8240,2016-02-17,8240,華宏,tpex,19.35,19.35,18.25,18.40,162000,2998750,-0.60,,100004414,76,,
2016-02-17_8249,2016-02-17,8249,菱光,twse,21.65,21.75,21.55,21.65,157010,3404012,0.0,,127055000,87,,
2016-02-17_8255,2016-02-17,8255,朋程,tpex,122.00,128.00,121.50,124.50,2898000,363208000,2.50,,74865000,1920,,
2016-02-17_8261,2016-02-17,8261,富鼎,twse,23.10,24.00,23.05,24.00,66088,1570811,0.5,,81571862,83,,
2016-02-17_8266,2016-02-17,8266,中日新,tpex,26.25,26.25,25.15,26.25,12000,307300,1.25,,100393250,8,,
2016-02-17_8271,2016-02-17,8271,宇瞻,twse,16.50,16.75,16.45,16.70,371205,6175704,0.25,,151543742,200,,
2016-02-17_8277,2016-02-17,8277,商丞,tpex,6.65,6.70,6.54,6.56,227000,1494580,0.06,,91628833,70,,
2016-02-17_8287,2016-02-17,8287,英格爾,tpex,17.80,17.80,17.45,17.55,520000,9176300,-0.10,,134635122,274,,
2016-02-17_8289,2016-02-17,8289,泰藝,tpex,10.70,10.90,10.70,10.85,72000,776750,0.05,,77534405,30,,
2016-02-17_8291,2016-02-17,8291,尚茂,tpex,4.70,4.70,4.50,4.70,31000,145040,0.01,,76024000,23,,
2016-02-17_8299,2016-02-17,8299,群聯,tpex,248.50,253.50,247.50,248.50,1444000,361452000,-3.50,,197373993,1178,,
2016-02-17_8341,2016-02-17,8341,日友,twse,131.50,135.50,130.50,132.50,2153007,287696487,3.0,,111500000,1606,,
2016-02-17_8349,2016-02-17,8349,恒耀,tpex,81.50,82.00,81.00,81.70,40000,3253500,-0.40,,91525426,33,,
2016-02-17_8354,2016-02-17,8354,冠好,tpex,15.05,15.40,15.05,15.40,117000,1782750,0.20,,63743720,26,,
2016-02-17_8358,2016-02-17,8358,金居,tpex,9.10,9.30,9.05,9.22,145000,1335500,0.12,,210588000,53,,
2016-02-17_8374,2016-02-17,8374,羅昇,twse,9.55,9.62,9.50,9.51,34277,325217,-0.01,,87608487,18,,
2016-02-17_8383,2016-02-17,8383,千附,tpex,45.60,46.00,45.30,45.70,1263000,57620900,-0.55,,118192482,936,,
2016-02-17_8390,2016-02-17,8390,金益鼎,tpex,13.90,13.90,13.65,13.80,54000,743700,0.05,,94967987,32,,
2016-02-17_8401,2016-02-17,8401,白紗科,tpex,12.05,12.05,12.00,12.00,76000,912400,0.00,,60111680,28,,
2016-02-17_8403,2016-02-17,8403,盛弘,tpex,48.00,49.30,47.70,48.40,4238000,206577350,1.00,,74287487,2682,,
2016-02-17_8404,2016-02-17,8404,百和興業-KY,twse,33.25,34.15,32.85,32.90,2686304,90114591,-0.65,,223317722,1138,,
2016-02-17_8406,2016-02-17,8406,F-金可,tpex,361.00,372.00,361.00,365.50,184000,67781000,4.50,,92697472,182,,
2016-02-17_8409,2016-02-17,8409,商之器,tpex,28.30,29.20,28.20,28.80,52000,1493950,0.60,,28000000,43,,
2016-02-17_8410,2016-02-17,8410,森田,tpex,17.85,18.00,17.15,17.60,51000,898650,-0.40,,36589200,35,,
2016-02-17_8411,2016-02-17,8411,福貞-KY,twse,26.25,26.70,26.05,26.45,101455,2660198,0.25,,151621637,68,,
2016-02-17_8416,2016-02-17,8416,實威,tpex,92.10,94.50,92.00,93.90,51000,4747300,1.90,,25646100,43,,
2016-02-17_8418,2016-02-17,8418,F-必勝,tpex,15.15,15.20,14.90,15.10,16000,242250,-0.05,,67995000,12,,
2016-02-17_8420,2016-02-17,8420,明揚,tpex,20.95,21.10,20.90,20.95,52000,1090150,0.00,,50990000,36,,
2016-02-17_8421,2016-02-17,8421,旭源,tpex,13.30,13.35,12.90,13.15,166000,2181900,-0.15,,44502465,69,,
2016-02-17_8422,2016-02-17,8422,可寧衛*,twse,168.00,169.00,164.50,165.50,409303,68185298,-1.5,,108888000,324,,
2016-02-17_8423,2016-02-17,8423,F-保綠,tpex,21.00,21.00,20.15,20.90,4000,83050,-0.35,,18872855,4,,
2016-02-17_8424,2016-02-17,8424,惠普,tpex,37.30,37.50,37.00,37.40,14000,520750,0.30,,36054368,11,,
2016-02-17_8426,2016-02-17,8426,F-紅木,tpex,41.50,42.50,41.00,41.60,333000,13972050,1.70,,48300000,222,,
2016-02-17_8427,2016-02-17,8427,基勝-KY,twse,51.90,51.90,51.10,51.60,34000,1753300,-0.2,,104261000,34,,
2016-02-17_8429,2016-02-17,8429,金麗-KY,twse,53.70,53.80,53.10,53.30,2567000,137127500,-0.3,,128831537,978,,
2016-02-17_8431,2016-02-17,8431,匯鑽科,tpex,76.50,76.50,75.50,75.60,188000,14231400,0.10,,42726000,128,,
2016-02-17_8432,2016-02-17,8432,東生華,tpex,69.50,72.60,69.50,71.40,104000,7446500,0.70,,38398140,89,,
2016-02-17_8433,2016-02-17,8433,弘帆,tpex,170.00,174.50,168.50,169.50,403000,69029000,0.50,,52577600,366,,
2016-02-17_8435,2016-02-17,8435,鉅邁,tpex,46.85,47.30,46.80,47.30,31000,1455700,0.50,,31700450,16,,
2016-02-17_8436,2016-02-17,8436,大江,tpex,125.50,132.00,125.50,129.50,2586000,334547000,5.00,,65276485,1844,,
2016-02-17_8437,2016-02-17,8437,F-大地,tpex,157.00,157.00,152.00,154.50,215000,33114000,-1.00,,32572640,180,,
2016-02-17_8443,2016-02-17,8443,阿瘦,twse,21.20,21.20,20.90,21.00,44173,927973,-0.2,,66800000,54,,
2016-02-17_8444,2016-02-17,8444,F-綠河,tpex,74.10,74.10,72.60,73.60,86000,6312200,-0.50,,74030000,58,,
2016-02-17_8446,2016-02-17,8446,華研,tpex,103.50,103.50,100.50,101.00,259000,26368000,-1.00,,42480000,200,,
2016-02-17_8450,2016-02-17,8450,霹靂,tpex,81.50,81.50,80.00,80.00,25000,2015600,-1.00,,43914883,23,,
2016-02-17_8454,2016-02-17,8454,富邦媒,twse,214.00,214.00,211.00,212.50,60098,12784678,-0.5,,142058500,60,,
2016-02-17_8455,2016-02-17,8455,F-大拓,tpex,18.25,18.25,16.20,16.20,264000,4576450,-1.65,,25219056,153,,
2016-02-17_8463,2016-02-17,8463,潤泰材,twse,21.80,21.80,21.45,21.45,89000,1924650,0.0,,150000000,56,,
2016-02-17_8464,2016-02-17,8464,億豐,twse,224.00,227.00,222.00,226.50,1012264,227278900,0.5,,293020200,758,,
2016-02-17_8467,2016-02-17,8467,波力-KY,twse,66.80,66.80,64.20,65.70,26000,1685100,-0.3,,52360000,17,,
2016-02-17_8472,2016-02-17,8472,夠麻吉,tpex,109.00,109.50,106.50,106.50,78000,8437500,-1.00,,20168000,73,,
2016-02-17_8905,2016-02-17,8905,裕國,tpex,13.00,13.05,12.90,13.00,71000,923100,-0.05,,119440000,29,,
2016-02-17_8906,2016-02-17,8906,花王,tpex,6.17,6.17,6.15,6.15,8000,49290,-0.18,,51321600,5,,
2016-02-17_8908,2016-02-17,8908,欣雄,tpex,32.85,32.85,31.50,31.50,3000,95850,0.30,,136527321,3,,
2016-02-17_8913,2016-02-17,8913,全銓,tpex,14.75,14.95,14.75,14.95,2000,29700,-0.05,,54649204,2,,
2016-02-17_8916,2016-02-17,8916,光隆,tpex,59.00,59.30,57.20,57.50,731000,42595200,-0.80,,106469000,498,,
2016-02-17_8917,2016-02-17,8917,欣泰,tpex,,,,,0,0,,,122203200,0,無成交,
2016-02-17_8921,2016-02-17,8921,沈氏,tpex,17.90,17.90,16.75,16.75,2000,34650,0.00,,46592159,2,,
2016-02-17_8923,2016-02-17,8923,時報,tpex,16.90,16.95,16.90,16.95,2000,33850,0.40,,30375800,2,,
2016-02-17_8924,2016-02-17,8924,大田,tpex,18.90,18.90,18.40,18.50,164000,3040150,-0.25,,121263282,79,,
2016-02-17_8926,2016-02-17,8926,台汽電,twse,23.20,23.20,23.05,23.10,271929,6285690,0.0,,589048595,173,,
2016-02-17_8927,2016-02-17,8927,北基,tpex,9.60,9.65,9.46,9.46,404000,3824950,-0.14,,191833166,33,,
2016-02-17_8928,2016-02-17,8928,鉅明,tpex,39.45,39.45,38.60,39.00,132000,5138800,0.15,,50854015,64,,
2016-02-17_8929,2016-02-17,8929,富堡,tpex,22.90,22.90,22.30,22.30,11000,249550,-0.15,,35059350,7,,
2016-02-17_8930,2016-02-17,8930,青鋼,tpex,8.98,8.98,8.98,8.98,22000,197560,0.00,flat,70013226,10,,
2016-02-17_8931,2016-02-17,8931,大汽電,tpex,20.60,20.85,20.60,20.85,40000,824250,0.25,,111955002,4,,
2016-02-17_8932,2016-02-17,8932,宏大,tpex,9.57,9.58,9.42,9.58,4000,38140,-0.07,,48800000,4,,
2016-02-17_8933,2016-02-17,8933,愛地雅,tpex,14.00,14.20,13.95,14.10,662000,9333600,0.05,,148376732,266,,
2016-02-17_8934,2016-02-17,8934,衡平,tpex,,,,,0,0,,,8510511,0,無成交,
2016-02-17_8935,2016-02-17,8935,邦泰,tpex,5.81,6.10,5.81,6.01,19000,113310,0.01,,120306391,12,,
2016-02-17_8936,2016-02-17,8936,國統,tpex,29.20,29.35,28.80,28.90,1246000,36074200,-0.25,,215082483,657,,
2016-02-17_8937,2016-02-17,8937,合騏,tpex,11.45,11.65,11.40,11.65,43000,495850,0.00,,72478800,20,,
2016-02-17_8938,2016-02-17,8938,明安,tpex,18.55,18.65,18.50,18.60,33000,611950,0.00,,133375722,17,,
2016-02-17_8940,2016-02-17,8940,新天地,twse,15.50,15.50,15.45,15.50,24000,371500,0.0,,67491032,9,,
2016-02-17_8941,2016-02-17,8941,關中,tpex,88.80,88.80,88.80,88.80,17000,1509600,1.90,up,21409834,2,,
2016-02-17_8942,2016-02-17,8942,森鉅,tpex,87.90,88.00,86.70,86.80,339000,29542200,-0.80,,155350134,225,,
2016-02-17_8996,2016-02-17,8996,高力,twse,48.50,50.50,48.10,48.60,826500,40970148,0.8,,89384080,600,,
2016-02-17_9103,2016-02-17,9103,美德醫療-DR,twse,1.86,1.86,1.83,1.83,281000,518910,-0.05,,205531500,76,,
2016-02-17_910322,2016-02-17,910322,康師傅-DR,twse,19.00,19.10,18.70,18.70,84000,1589200,-0.2,,23989000,33,,
2016-02-17_910482,2016-02-17,910482,聖馬丁-DR,twse,2.30,2.44,2.30,2.34,577496,1364290,-0.07,,213615963,81,,
2016-02-17_9105,2016-02-17,9105,泰金寶-DR,twse,3.37,3.39,3.29,3.33,2095193,6961775,-0.02,,838428153,516,,
2016-02-17_9106,2016-02-17,9106,新焦點-DR,twse,1.85,1.85,1.83,1.83,112000,205380,-0.2,,61506710,13,,
2016-02-17_910708,2016-02-17,910708,恒大健-DR,twse,,,,,0,0,0.0,,601000,0,無成交,
2016-02-17_910801,2016-02-17,910801,金衛-DR,twse,4.54,4.55,4.48,4.52,341418,1534351,-0.02,,97494736,55,,
2016-02-17_910861,2016-02-17,910861,神州-DR,twse,17.40,18.05,17.40,17.85,8000,142550,-0.35,,24655000,8,,
2016-02-17_9110,2016-02-17,9110,越南控-DR,twse,3.49,3.49,3.49,3.49,26000,90740,0.02,up,53348500,6,,
2016-02-17_911608,2016-02-17,911608,明輝-DR,twse,3.53,3.82,3.53,3.79,6000,21730,-0.11,,10740000,6,,
2016-02-17_911611,2016-02-17,911611,中泰山-DR,twse,0.64,0.67,0.64,0.67,23000,15320,0.0,,125709905,3,,
2016-02-17_911613,2016-02-17,911613,特藝,tpex,,,,,0,0,,,57972000,0,無成交,
2016-02-17_911616,2016-02-17,911616,杜康-DR,twse,2.36,2.36,2.31,2.33,49000,114930,-0.03,,130000000,18,,
2016-02-17_911619,2016-02-17,911619,耀傑-DR,twse,1.12,1.12,1.04,1.04,32000,33850,-0.03,,42199814,10,,
2016-02-17_911622,2016-02-17,911622,泰聚亨-DR,twse,,,,,0,0,0.0,,30000000,0,無成交,
2016-02-17_911626,2016-02-17,911626,MSH-DR,twse,,,,,0,0,0.0,,14705900,0,無成交,
2016-02-17_911868,2016-02-17,911868,同方友友-DR,twse,2.22,2.22,2.22,2.22,1000,2220,0.15,up,88099000,1,,
2016-02-17_912000,2016-02-17,912000,晨訊科-DR,twse,2.84,2.85,2.84,2.85,10000,28460,0.01,,47346516,5,,
2016-02-17_912398,2016-02-17,912398,友佳-DR,twse,,,,,0,0,0.0,,39324000,0,無成交,
2016-02-17_9136,2016-02-17,9136,巨騰-DR,twse,13.50,13.85,13.50,13.55,542000,7409650,0.25,,98285000,201,,
2016-02-17_9157,2016-02-17,9157,陽光能源-DR,twse,1.28,1.28,1.15,1.26,13000,15240,0.03,,117295816,5,,
2016-02-17_9188,2016-02-17,9188,精熙-DR,twse,3.73,3.79,3.73,3.78,153000,575900,0.02,,61886000,35,,
2016-02-17_9802,2016-02-17,9802,鈺齊-KY,twse,53.70,54.30,53.50,53.50,480000,25873700,0.4,,132735259,329,,
2016-02-17_9902,2016-02-17,9902,台火,twse,9.18,9.22,9.15,9.16,86076,790313,0.02,,98049600,44,,
2016-02-17_9904,2016-02-17,9904,寶成,twse,39.95,40.35,39.90,40.30,8631324,346883602,0.55,,2944137213,3688,,
2016-02-17_9905,2016-02-17,9905,大華,twse,28.15,28.20,28.05,28.20,63328,1781336,0.05,,305000000,52,,
2016-02-17_9906,2016-02-17,9906,欣巴巴,twse,9.20,9.29,9.20,9.24,24332,225191,-0.01,,70000000,18,,
2016-02-17_9907,2016-02-17,9907,統一實,twse,15.00,15.00,14.80,14.80,646623,9629467,-0.15,,1579145342,392,,
2016-02-17_9908,2016-02-17,9908,大台北,twse,22.40,22.50,22.40,22.45,50927,1144007,0.05,,516358000,48,,
2016-02-17_9910,2016-02-17,9910,豐泰,twse,175.00,181.00,175.00,178.00,2079228,371772584,3.5,,596375201,1523,,
2016-02-17_9911,2016-02-17,9911,櫻花,twse,18.60,18.65,18.45,18.55,269173,4986054,-0.05,,276401485,146,,
2016-02-17_9912,2016-02-17,9912,偉聯,twse,8.38,8.38,8.26,8.34,21613,180230,-0.01,,53512569,30,,
2016-02-17_9914,2016-02-17,9914,美利達,twse,146.00,151.50,146.00,150.50,1449172,216637883,5.5,,298983800,940,,
2016-02-17_9917,2016-02-17,9917,中保科,twse,93.60,93.60,92.50,92.70,256266,23791504,0.2,,451197093,247,,
2016-02-17_9918,2016-02-17,9918,欣天然,twse,31.30,31.30,31.30,31.30,1300,40600,0.3,up,180537453,6,,
2016-02-17_9919,2016-02-17,9919,康那香,twse,11.80,11.90,11.70,11.70,411591,4859770,-0.05,,197126750,166,,
2016-02-17_9921,2016-02-17,9921,巨大,twse,220.00,221.00,219.00,220.00,221998,48825559,-3.0,,375064626,207,,
2016-02-17_9924,2016-02-17,9924,福興,twse,45.00,46.40,44.50,45.30,1978755,90242451,0.3,,188452170,1070,,
2016-02-17_9925,2016-02-17,9925,新保,twse,38.45,38.75,38.40,38.55,62459,2407756,0.1,,383653075,64,,
2016-02-17_9926,2016-02-17,9926,新海,twse,39.95,39.95,39.95,39.95,1000,39950,0.05,up,173433889,1,,
2016-02-17_9927,2016-02-17,9927,泰銘,twse,29.00,29.00,28.50,28.90,78281,2247463,-0.1,,209148167,50,,
2016-02-17_9928,2016-02-17,9928,中視,twse,8.21,8.32,8.21,8.23,13006,107428,0.05,,132724583,10,,
2016-02-17_9929,2016-02-17,9929,秋雨,twse,13.70,13.85,13.50,13.50,8284,112497,-0.45,,168800000,16,,
2016-02-17_9930,2016-02-17,9930,中聯資源,twse,59.80,60.00,59.50,60.00,41300,2466649,0.2,,225945789,38,,
2016-02-17_9931,2016-02-17,9931,欣高,twse,32.10,32.10,32.10,32.10,2006,64392,0.0,flat,102250512,8,,
2016-02-17_9933,2016-02-17,9933,中鼎,twse,36.70,37.05,36.65,36.90,1266466,46767792,-0.1,,759358348,922,,
2016-02-17_9934,2016-02-17,9934,成霖,twse,15.00,15.15,14.75,15.00,1588580,23703739,-0.2,,354304224,693,,
2016-02-17_9935,2016-02-17,9935,慶豐富,twse,10.75,10.75,10.60,10.60,446207,4744841,-0.15,,153623342,99,,
2016-02-17_9937,2016-02-17,9937,全國,twse,35.65,36.00,35.60,35.75,30104,1074515,-0.05,,309043000,14,,
2016-02-17_9938,2016-02-17,9938,百和,twse,79.20,80.50,78.00,79.00,2288795,181144582,0.5,,297963902,1655,,
2016-02-17_9939,2016-02-17,9939,宏全,twse,47.50,47.70,47.25,47.45,712622,33815661,0.05,,309847879,507,,
2016-02-17_9940,2016-02-17,9940,信義,twse,27.00,27.00,26.60,26.80,188684,5065420,-0.2,,631839814,137,,
2016-02-17_9941,2016-02-17,9941,裕融,twse,70.90,70.90,70.00,70.00,113367,7972909,-0.4,,265992489,92,,
2016-02-17_9942,2016-02-17,9942,茂順,twse,87.90,88.60,87.10,88.20,297203,26183503,0.2,,83161320,249,,
2016-02-17_9943,2016-02-17,9943,好樂迪,twse,53.00,53.20,52.10,52.20,455571,23955676,-0.9,,147317600,353,,
2016-02-17_9944,2016-02-17,9944,新麗,twse,22.25,22.50,21.90,22.50,36050,799535,0.45,,106206724,23,,
2016-02-17_9945,2016-02-17,9945,潤泰新,twse,42.90,43.15,42.35,42.60,5087103,217358328,0.0,,1392848653,2702,,
2016-02-17_9946,2016-02-17,9946,三發地產,twse,12.20,12.30,12.05,12.10,601862,7320814,0.05,,264229510,121,,
2016-02-17_9949,2016-02-17,9949,琉園,tpex,13.20,13.50,13.15,13.50,23000,306250,0.30,,47033360,17,,
2016-02-17_9950,2016-02-17,9950,萬國通,tpex,19.90,19.90,19.50,19.70,17000,332200,-0.25,,65059000,8,,
2016-02-17_9951,2016-02-17,9951,皇田,tpex,171.00,174.00,170.00,173.50,382000,65846500,5.00,,74900000,347,,
2016-02-17_9955,2016-02-17,9955,佳龍,twse,13.35,13.40,13.20,13.40,139300,1853817,0.05,,103208229,86,,
2016-02-17_9958,2016-02-17,9958,世紀鋼,twse,9.90,10.05,9.74,10.05,233960,2325688,0.21,,185558102,91,,
2016-02-17_9960,2016-02-17,9960,邁達康,tpex,19.20,19.70,19.20,19.40,5000,96850,0.05,,33592500,5,,
2016-02-17_9962,2016-02-17,9962,有益,tpex,7.50,7.57,7.50,7.55,15000,112690,-0.02,,90220260,9,,
