key,date,stock_id,name,market,open,high,low,close,volume,amount,change,limit,shares,transactions,price_basis,last_price
2017-09-25_0050,2017-09-25,0050,元大台灣50,twse,81.55,81.55,80.75,80.95,7071046,572821645,-0.65,,535500000,3080,,
2017-09-25_0051,2017-09-25,0051,元大中型100,twse,31.40,31.40,30.92,30.92,19518,608536,-0.44,,10000000,19,,
2017-09-25_0052,2017-09-25,0052,富邦科技,twse,51.05,51.05,50.60,50.60,3000,152650,-0.85,,6000000,3,,
2017-09-25_0053,2017-09-25,0053,元大電子,twse,36.77,36.77,36.01,36.11,18000,650310,-0.66,,6988000,11,,
2017-09-25_0054,2017-09-25,0054,元大台商50,twse,25.26,25.26,24.70,24.81,16000,396980,-0.46,,12624000,10,,
2017-09-25_0055,2017-09-25,0055,元大MSCI金融,twse,15.81,15.89,15.73,15.73,79406,1254962,-0.19,,45654000,31,,
2017-09-25_0056,2017-09-25,0056,元大高股息,twse,26.20,26.21,25.69,25.80,9492340,245542150,-0.4,,335534000,3037,,
2017-09-25_0057,2017-09-25,0057,富邦摩台,twse,48.62,48.62,48.43,48.43,2000,97050,-0.74,,5027000,2,,
2017-09-25_0058,2017-09-25,0058,富邦發達,twse,47.49,47.49,46.57,46.60,26000,1221750,-1.0,,4196000,10,,
2017-09-25_0059,2017-09-25,0059,富邦金融,twse,38.10,38.10,37.80,37.80,2142,81320,-0.35,,4973000,3,,
2017-09-25_0061,2017-09-25,0061,元大寶滬深,twse,18.15,18.19,18.09,18.11,5254972,95262186,-0.04,,558116000,635,,
2017-09-25_006201,2017-09-25,006201,元大富櫃50,tpex,13.50,13.61,13.30,13.60,21000,283500,-0.16,,19446000,16,,
2017-09-25_006203,2017-09-25,006203,元大MSCI台灣,twse,37.13,37.13,37.11,37.11,2000,74240,0.0,,7718000,2,,
2017-09-25_006204,2017-09-25,006204,永豐臺灣加權,twse,,,,,0,0,0.0,,3000000,0,無成交,
2017-09-25_006205,2017-09-25,006205,富邦上証,twse,31.24,31.25,31.05,31.05,2887380,89867300,-0.2,,621696000,576,,
2017-09-25_006206,2017-09-25,006206,元大上證50,twse,30.73,30.80,30.60,30.62,1021362,31333766,-0.13,,349278000,232,,
2017-09-25_006207,2017-09-25,006207,復華滬深,twse,23.40,23.40,23.22,23.22,990300,23044848,-0.19,,235392000,156,,
2017-09-25_006208,2017-09-25,006208,富邦台50,twse,48.00,48.00,47.48,47.48,52261,2485250,-0.54,,23040000,14,,
2017-09-25_00625K,2017-09-25,00625K,富邦上証+R,twse,6.75,6.75,6.75,6.75,50000,337500,0.0,flat,576000,2,,
2017-09-25_00631L,2017-09-25,00631L,元大台灣50正2,twse,34.40,34.40,33.58,33.68,3445001,116472353,-0.62,,20084000,997,,
2017-09-25_00632R,2017-09-25,00632R,元大台灣50反1,twse,13.54,13.69,13.54,13.66,113683965,1550358857,0.12,,6054149000,15260,,
2017-09-25_00633L,2017-09-25,00633L,富邦上証正2,twse,43.20,43.50,43.05,43.05,16480200,712489300,-0.34,,741458000,2610,,
2017-09-25_00634R,2017-09-25,00634R,富邦上証反1,twse,7.55,7.58,7.53,7.57,1081000,8160150,0.01,,66256000,68,,
2017-09-25_00635U,2017-09-25,00635U,期元大S&P黃金,twse,20.26,20.26,20.21,20.24,1044000,21130980,-0.06,,52514000,156,,
2017-09-25_00636,2017-09-25,00636,國泰中國A50,twse,19.43,19.43,19.31,19.31,2201730,42614093,-0.11,,467946000,585,,
2017-09-25_00637L,2017-09-25,00637L,元大滬深300正2,twse,16.31,16.36,16.18,16.18,50883100,826640090,-0.13,,1835106000,4201,,
2017-09-25_00638R,2017-09-25,00638R,元大滬深300反1,twse,15.68,15.68,15.59,15.59,106000,1652990,-0.03,,6448000,7,,
2017-09-25_00639,2017-09-25,00639,富邦深100,twse,11.04,11.05,10.95,10.95,4141494,45527611,-0.09,,443403000,484,,
2017-09-25_00640L,2017-09-25,00640L,富邦日本正2,twse,21.57,21.60,21.52,21.52,994000,21418680,0.16,,12919000,87,,
2017-09-25_00641R,2017-09-25,00641R,富邦日本反1,twse,15.92,15.94,15.90,15.94,842000,13407530,-0.08,,36758000,101,,
2017-09-25_00642U,2017-09-25,00642U,期元大S&P石油,twse,16.27,16.28,16.24,16.24,7234652,117543305,-0.02,,312321000,527,,
2017-09-25_00643,2017-09-25,00643,群益深証中小,twse,15.74,15.78,15.64,15.64,2210000,34671209,-0.16,,255140000,402,,
2017-09-25_00643K,2017-09-25,00643K,群益深証中小+R,twse,,,,,0,0,0.0,,560000,0,無成交,
2017-09-25_00645,2017-09-25,00645,富邦日本,twse,21.24,21.24,21.20,21.22,105000,2228080,0.12,,22497000,7,,
2017-09-25_00646,2017-09-25,00646,元大S&P500,twse,22.54,22.54,22.49,22.50,22177,499412,-0.04,,127985000,19,,
2017-09-25_00647L,2017-09-25,00647L,元大S&P500正2,twse,27.58,27.58,27.58,27.58,4000,110320,0.0,flat,3416000,3,,
2017-09-25_00648R,2017-09-25,00648R,元大S&P500反1,twse,15.10,15.15,15.08,15.14,595000,9005540,-0.02,,169688000,90,,
2017-09-25_00649,2017-09-25,00649,FH香港,twse,20.08,20.09,20.01,20.03,120000,2403090,-0.27,,11772000,6,,
2017-09-25_00650L,2017-09-25,00650L,復華香港正2,twse,31.50,31.50,30.64,30.72,811000,24905340,-0.66,,3838000,42,,
2017-09-25_00651R,2017-09-25,00651R,復華香港反1,twse,9.29,9.34,9.26,9.31,207000,1925990,0.08,,19192000,43,,
2017-09-25_00652,2017-09-25,00652,富邦印度,twse,22.84,22.84,22.50,22.50,60729,1375672,-0.4,,10535000,41,,
2017-09-25_00653L,2017-09-25,00653L,富邦印度正2,twse,27.50,27.50,26.70,26.81,1228000,33255590,-0.81,,17403000,371,,
2017-09-25_00654R,2017-09-25,00654R,富邦印度反1,twse,15.74,15.94,15.74,15.91,164000,2594710,0.23,,9966000,62,,
2017-09-25_00655L,2017-09-25,00655L,國泰中國A50正2,twse,31.50,31.60,31.29,31.31,4524100,142071571,-0.21,,212458000,906,,
2017-09-25_00656R,2017-09-25,00656R,國泰中國A50反1,twse,14.40,14.45,14.37,14.45,25000,360150,0.04,,7357000,10,,
2017-09-25_00657,2017-09-25,00657,國泰日經225,twse,24.50,24.54,24.50,24.54,2000,49040,0.21,,11113000,2,,
2017-09-25_00658L,2017-09-25,00658L,國泰日本正2,twse,30.15,30.16,30.10,30.16,29000,873410,0.31,,5345000,8,,
2017-09-25_00659R,2017-09-25,00659R,國泰日本反1,twse,14.64,14.65,14.64,14.64,26000,380810,-0.06,,13080000,10,,
2017-09-25_00660,2017-09-25,00660,元大歐洲50,twse,25.00,25.00,24.97,24.97,12000,299940,0.07,,37531000,8,,
2017-09-25_00661,2017-09-25,00661,元大日經225,twse,25.24,25.24,25.24,25.24,1000,25240,0.07,up,4425000,1,,
2017-09-25_00662,2017-09-25,00662,富邦NASDAQ,twse,24.62,24.62,24.51,24.52,385122,9443489,-0.05,,10029000,12,,
2017-09-25_00663L,2017-09-25,00663L,國泰臺灣加權正2,twse,31.53,31.53,30.80,30.90,788001,24457721,-0.6,,6809000,156,,
2017-09-25_00664R,2017-09-25,00664R,國泰臺灣加權反1,twse,15.31,15.50,15.31,15.47,3791000,58528190,0.15,,305575000,616,,
2017-09-25_00665L,2017-09-25,00665L,富邦恒生國企正2,twse,29.78,30.08,28.93,29.05,1328000,38868240,-0.84,,23465000,384,,
2017-09-25_00666R,2017-09-25,00666R,富邦恒生國企反1,twse,14.77,14.86,14.77,14.83,50000,739700,0.16,,8124000,7,,
2017-09-25_00667,2017-09-25,00667,元大韓國,twse,,,,,0,0,0.0,,5429000,0,無成交,
2017-09-25_00668,2017-09-25,00668,國泰美國道瓊,twse,,,,,0,0,0.0,,6558000,0,無成交,
2017-09-25_00669R,2017-09-25,00669R,國泰美國道瓊反1,twse,15.75,15.79,15.75,15.79,417000,6579290,0.0,,47617000,58,,
2017-09-25_00670L,2017-09-25,00670L,富邦NASDAQ正2,twse,24.38,24.38,24.26,24.31,487000,11826020,0.09,,9645000,20,,
2017-09-25_00671R,2017-09-25,00671R,富邦NASDAQ反1,twse,17.53,17.61,17.53,17.61,1079000,18965390,0.0,,21384000,64,,
2017-09-25_00672L,2017-09-25,00672L,元大S&P原油正2,twse,14.64,14.65,14.58,14.59,15295000,223493070,-0.07,,480687000,1150,,
2017-09-25_00673R,2017-09-25,00673R,期元大S&P原油反1,twse,20.30,20.34,20.29,20.34,2587000,52561980,0.04,,77703000,338,,
2017-09-25_00674R,2017-09-25,00674R,期元大S&P黃金反1,twse,19.35,19.36,19.34,19.34,178000,3443740,0.04,,8103000,43,,
2017-09-25_00675L,2017-09-25,00675L,富邦臺灣加權正2,twse,13.66,13.66,13.36,13.40,1615001,21726396,-0.26,,13286000,260,,
2017-09-25_00676R,2017-09-25,00676R,富邦臺灣加權反1,twse,8.33,8.42,8.33,8.40,5886000,49344400,0.07,,336011000,605,,
2017-09-25_00677U,2017-09-25,00677U,期富邦VIX,twse,8.26,8.32,8.22,8.32,12805096,106006350,-0.17,,499708000,1595,,
2017-09-25_00678,2017-09-25,00678,群益那斯達克生技,twse,21.86,21.88,21.85,21.85,23162,506264,-0.04,,37948000,18,,
2017-09-25_00679B,2017-09-25,00679B,元大美債20年,tpex,39.45,39.48,39.44,39.48,2040000,80478240,0.03,,641192000,33,,
2017-09-25_00680L,2017-09-25,00680L,元大美債20正2,twse,21.17,21.17,21.17,21.17,19000,402230,-0.07,down,5576000,1,,
2017-09-25_00681R,2017-09-25,00681R,元大美債20反1,twse,,,,,0,0,0.0,,9094000,0,無成交,
2017-09-25_00682U,2017-09-25,00682U,期元大美元指數,twse,18.17,18.20,18.17,18.20,44390,807408,0.05,,6644000,27,,
2017-09-25_00683L,2017-09-25,00683L,期元大美元指正2,twse,16.67,16.67,16.61,16.62,1084000,18036210,0.07,,18934000,228,,
2017-09-25_00684R,2017-09-25,00684R,期元大美元指反1,twse,,,,,0,0,0.0,,5188000,0,無成交,
2017-09-25_00685L,2017-09-25,00685L,群益臺灣加權正2,twse,11.89,11.89,11.71,11.71,32000,376500,-0.25,,12639000,12,,
2017-09-25_00686R,2017-09-25,00686R,群益臺灣加權反1,twse,9.07,9.16,9.07,9.14,1577000,14398900,0.08,,54776000,100,,
2017-09-25_00687B,2017-09-25,00687B,國泰20年美債,tpex,41.19,41.24,41.19,41.24,22000,907030,-0.07,,116287000,3,,
2017-09-25_00688L,2017-09-25,00688L,國泰20年美債正2,twse,21.43,21.43,21.42,21.42,30000,642800,-0.03,,5115000,2,,
2017-09-25_00689R,2017-09-25,00689R,國泰20年美債反1,twse,,,,,0,0,0.0,,6389000,0,無成交,
2017-09-25_00690,2017-09-25,00690,兆豐藍籌30,twse,21.43,21.43,21.23,21.29,945050,20105787,-0.14,,21330000,110,,
2017-09-25_00691R,2017-09-25,00691R,兆豐藍籌30反1,twse,18.31,18.31,18.30,18.30,5000,91530,0.09,,4606000,5,,
2017-09-25_00692,2017-09-25,00692,富邦公司治理,twse,21.46,21.46,21.24,21.24,1074046,22876749,-0.22,,121280000,247,,
2017-09-25_00693U,2017-09-25,00693U,期街口S&P黃豆,twse,20.14,20.15,20.02,20.03,665000,13363830,0.0,,17666000,182,,
2017-09-25_00694B,2017-09-25,00694B,富邦美債1-3,tpex,40.19,40.20,40.17,40.20,8680000,348784800,-0.07,,41076000,106,,
2017-09-25_00695B,2017-09-25,00695B,富邦美債7-10,tpex,40.00,40.00,40.00,40.00,1200000,48000000,-0.05,down,5186000,39,,
2017-09-25_00696B,2017-09-25,00696B,富邦美債20年,tpex,40.60,40.60,40.60,40.60,1200000,48720000,-0.03,down,3681000,35,,
2017-09-25_00697B,2017-09-25,00697B,元大美債7-10,tpex,39.50,39.52,39.43,39.49,2047000,80841480,-0.01,,10712000,15,,
2017-09-25_00698L,2017-09-25,00698L,元大美債7-10正2,twse,19.61,19.61,19.60,19.60,202000,3959220,-0.02,,5149000,4,,
2017-09-25_00699R,2017-09-25,00699R,元大美債7-10反1,twse,19.92,19.92,19.91,19.91,202000,4021840,0.0,,7214000,4,,
2017-09-25_00700,2017-09-25,00700,富邦恒生國企,twse,19.88,19.94,19.83,19.84,316000,6267490,-0.26,,12483000,9,,
2017-09-25_00701,2017-09-25,00701,國泰股利精選30,twse,19.90,19.90,19.75,19.76,1267500,25180549,-0.19,,63391000,232,,
2017-09-25_00702,2017-09-25,00702,國泰標普低波高息,twse,20.19,20.20,20.14,20.18,410000,8274160,-0.01,,24188000,117,,
2017-09-25_00703,2017-09-25,00703,台新MSCI中國,twse,20.50,20.50,20.24,20.24,256000,5192640,-0.16,,25550000,63,,
2017-09-25_00704L,2017-09-25,00704L,台新MSCI台灣正2,twse,19.54,19.54,19.35,19.43,34000,660450,-0.34,,10878000,9,,
2017-09-25_00705R,2017-09-25,00705R,台新MSCI台灣反1,twse,19.89,20.01,19.89,19.96,138000,2758180,0.15,,11315000,6,,
2017-09-25_00706L,2017-09-25,00706L,期元大S&P日圓正2,twse,19.21,19.27,19.19,19.27,664000,12779750,-0.13,,9084000,52,,
2017-09-25_00707R,2017-09-25,00707R,期元大S&P日圓反1,twse,20.32,20.32,20.28,20.28,404000,8193190,0.07,,8355000,7,,
2017-09-25_00708L,2017-09-25,00708L,期元大S&P黃金正2,twse,19.41,19.46,19.39,19.44,977000,18968600,-0.13,,12573000,136,,
2017-09-25_00709,2017-09-25,00709,富邦歐洲,twse,20.58,20.58,20.47,20.47,174000,3572150,0.01,,10460000,14,,
2017-09-25_00710B,2017-09-25,00710B,復華彭博非投等債,twse,20.11,20.11,20.11,20.11,1000,20110,-0.07,down,33261000,1,,
2017-09-25_00711B,2017-09-25,00711B,復華彭博新興債,twse,20.30,20.30,20.30,20.30,1000,20300,-0.02,down,33261000,1,,
2017-09-25_00712,2017-09-25,00712,復華富時不動產,twse,20.08,20.11,20.07,20.09,624000,12531980,0.09,,21511000,10,,
2017-09-25_008201,2017-09-25,008201,BP上證50,twse,95.00,95.70,94.55,95.70,3200,304640,0.0,,2749100,20,,
2017-09-25_01001T,2017-09-25,01001T,土銀富邦R1,twse,12.97,13.00,12.94,12.94,142000,1840100,-0.03,,,22,,
2017-09-25_01002T,2017-09-25,01002T,土銀國泰R1,twse,13.25,13.29,13.15,13.15,401000,5291060,-0.1,,,180,,
2017-09-25_01003T,2017-09-25,01003T,兆豐新光R1,twse,14.25,14.25,14.24,14.25,2868000,40867600,0.0,,,48,,
2017-09-25_01004T,2017-09-25,01004T,土銀富邦R2,twse,11.45,11.46,11.40,11.41,236000,2693910,-0.04,,,47,,
2017-09-25_01007T,2017-09-25,01007T,兆豐國泰R2,twse,13.20,13.20,13.18,13.18,31000,408830,-0.02,,,14,,
2017-09-25_1101,2017-09-25,1101,台泥,twse,33.90,34.10,33.85,34.05,6548901,222476334,0.15,,3692175869,1894,,
2017-09-25_1102,2017-09-25,1102,亞泥,twse,26.95,27.45,26.85,27.35,2749546,74601093,0.4,,3361447198,1451,,
2017-09-25_1103,2017-09-25,1103,嘉泥,twse,12.30,12.30,12.00,12.05,756928,9156786,-0.25,,774780548,228,,
2017-09-25_1104,2017-09-25,1104,環泥,twse,23.35,23.35,22.90,23.05,294488,6782194,-0.3,,653609192,204,,
2017-09-25_1108,2017-09-25,1108,幸福,twse,8.77,8.81,8.71,8.75,160200,1400733,-0.05,,404738049,82,,
2017-09-25_1109,2017-09-25,1109,信大,twse,12.00,12.00,11.85,11.85,81305,966848,-0.15,,378900684,20,,
2017-09-25_1110,2017-09-25,1110,東泥,twse,14.95,15.10,14.95,15.10,65348,983020,0.1,,572000797,25,,
2017-09-25_1201,2017-09-25,1201,味全,twse,18.60,18.65,18.40,18.40,851036,15725156,-0.15,,506062914,366,,
2017-09-25_1203,2017-09-25,1203,味王,twse,23.80,23.85,23.80,23.85,108124,2573736,0.05,,240000000,31,,
2017-09-25_1210,2017-09-25,1210,大成,twse,31.95,32.00,31.50,31.75,1780692,56492373,0.0,,736394380,911,,
2017-09-25_1213,2017-09-25,1213,大飲,twse,15.35,15.35,15.20,15.20,37220,566921,-0.05,,56622627,28,,
2017-09-25_1215,2017-09-25,1215,卜蜂,twse,65.20,65.30,63.00,64.20,1350299,86412841,-1.1,,267990998,931,,
2017-09-25_1216,2017-09-25,1216,統一,twse,63.70,63.70,62.70,63.00,6455863,406471278,-0.7,,5682015421,3646,,
2017-09-25_1217,2017-09-25,1217,愛之味,twse,7.75,7.77,7.66,7.68,1172240,9015268,-0.09,,494513336,408,,
2017-09-25_1218,2017-09-25,1218,泰山,twse,18.60,18.65,18.10,18.65,3080830,56747115,0.15,,353336038,1048,,
2017-09-25_1219,2017-09-25,1219,福壽,twse,18.05,18.05,17.70,17.90,75973,1354564,-0.15,,322013887,36,,
2017-09-25_1220,2017-09-25,1220,台榮,twse,10.30,10.30,10.15,10.30,302003,3086880,0.0,,177077944,73,,
2017-09-25_1225,2017-09-25,1225,福懋油,twse,62.00,64.00,62.00,64.00,108773,6760981,0.0,,218703051,18,,
2017-09-25_1227,2017-09-25,1227,佳格,twse,74.70,74.70,74.40,74.60,674037,50263906,-0.2,,915089591,564,,
2017-09-25_1229,2017-09-25,1229,聯華,twse,29.15,29.30,28.65,29.25,2629460,76166744,0.0,,956484711,1439,,
2017-09-25_1231,2017-09-25,1231,聯華食,twse,33.25,33.25,32.90,33.10,226866,7494395,-0.4,,159885893,183,,
2017-09-25_1232,2017-09-25,1232,大統益,twse,90.10,90.10,89.60,89.90,56151,5039092,-0.2,,159974915,50,,
2017-09-25_1233,2017-09-25,1233,天仁,twse,34.70,34.90,34.70,34.70,23320,811700,0.0,,90591948,25,,
2017-09-25_1234,2017-09-25,1234,黑松,twse,31.05,31.25,31.05,31.15,116750,3634600,0.1,,401871094,126,,
2017-09-25_1235,2017-09-25,1235,興泰,twse,33.30,33.80,33.30,33.60,15101,503672,-0.2,,60662337,13,,
2017-09-25_1236,2017-09-25,1236,宏亞,twse,16.80,16.80,16.70,16.75,15281,256553,-0.05,,108342510,19,,
2017-09-25_1256,2017-09-25,1256,鮮活果汁-KY,twse,140.50,141.50,134.00,135.00,214595,29203825,-4.5,,30765600,197,,
2017-09-25_1258,2017-09-25,1258,其祥-KY,tpex,32.90,33.50,32.65,32.65,17000,558700,-0.25,,36816458,10,,
2017-09-25_1259,2017-09-25,1259,安心,tpex,84.50,84.50,84.20,84.20,3000,253200,-0.80,,32389500,3,,
2017-09-25_1262,2017-09-25,1262,綠悅-KY,twse,70.20,71.10,69.70,70.30,623130,43764223,0.1,,163350000,469,,
2017-09-25_1264,2017-09-25,1264,德麥,tpex,222.00,223.00,221.50,223.00,23000,5111000,0.50,,33695970,19,,
2017-09-25_1301,2017-09-25,1301,台塑,twse,93.50,93.60,92.20,92.30,3619626,334722949,-0.7,,6365740781,1661,,
2017-09-25_1303,2017-09-25,1303,南亞,twse,76.90,76.90,75.20,75.40,6593461,498521529,-1.0,,7930821589,2101,,
2017-09-25_1304,2017-09-25,1304,台聚,twse,14.95,15.00,14.80,14.85,1209187,17951378,-0.15,,1165454412,446,,
2017-09-25_1305,2017-09-25,1305,華夏,twse,31.75,31.80,29.95,30.60,3225997,98935581,-1.15,,491999560,1697,,
2017-09-25_1307,2017-09-25,1307,三芳,twse,35.80,35.80,35.05,35.40,182418,6426901,-0.1,,397818126,102,,
2017-09-25_1308,2017-09-25,1308,亞聚,twse,19.20,19.25,18.60,18.90,1185036,22368613,-0.3,,518114715,519,,
2017-09-25_1309,2017-09-25,1309,台達化,twse,10.75,10.80,10.20,10.55,2248077,23453256,-0.2,,327651855,708,,
2017-09-25_1310,2017-09-25,1310,台苯,twse,20.05,20.15,19.65,19.85,3717395,73714104,-0.25,,527869764,1419,,
2017-09-25_1312,2017-09-25,1312,國喬,twse,23.65,23.70,22.85,23.00,7365246,170211458,-0.8,,926620328,2755,,
2017-09-25_1312A,2017-09-25,1312A,國喬特,twse,29.90,29.90,28.90,29.00,49000,1424150,-0.1,,20000000,18,,
2017-09-25_1313,2017-09-25,1313,聯成,twse,15.85,16.30,15.40,16.25,3682296,58691464,0.35,,1199557064,1670,,
2017-09-25_1314,2017-09-25,1314,中石化,twse,13.90,13.95,13.45,13.50,37486626,510391835,-0.25,,2355258954,6700,,
2017-09-25_1315,2017-09-25,1315,達新,twse,25.20,25.25,25.20,25.20,16500,415800,-0.2,,198000000,10,,
2017-09-25_1316,2017-09-25,1316,上曜,twse,28.65,28.70,27.75,28.30,1203460,33948016,-0.1,,117442900,612,,
2017-09-25_1319,2017-09-25,1319,東陽,twse,61.70,61.70,59.10,60.70,4954697,298775196,-0.4,,591477068,2769,,
2017-09-25_1321,2017-09-25,1321,大洋,twse,29.45,29.45,29.20,29.25,273546,8003360,-0.2,,227228268,144,,
2017-09-25_1323,2017-09-25,1323,永裕,twse,32.50,32.50,31.80,31.80,288688,9221395,-0.7,,91274554,187,,
2017-09-25_1324,2017-09-25,1324,地球,twse,12.65,12.65,12.55,12.60,18001,226912,-0.1,,75121882,13,,
2017-09-25_1325,2017-09-25,1325,恆大,twse,19.45,19.60,19.45,19.60,56515,1100516,0.05,,85281198,21,,
2017-09-25_1326,2017-09-25,1326,台化,twse,93.60,93.60,92.20,92.70,2118509,196161808,-0.5,,5861186291,1125,,
2017-09-25_1333,2017-09-25,1333,恩得利,tpex,3.80,3.80,3.40,3.54,124000,435220,0.01,,61515375,18,,
2017-09-25_1336,2017-09-25,1336,台翰,tpex,21.10,21.10,19.85,20.00,1686000,33979900,-1.15,,63724271,795,,
2017-09-25_1337,2017-09-25,1337,再生-KY,twse,13.10,13.10,12.75,12.85,1652201,21278949,-0.2,,267776108,575,,
2017-09-25_1338,2017-09-25,1338,廣華-KY,twse,115.00,115.00,111.00,111.50,738161,82957110,-3.0,,83840000,581,,
2017-09-25_1339,2017-09-25,1339,昭輝,twse,40.70,40.70,38.55,38.60,595527,23365991,-2.0,,74138875,403,,
2017-09-25_1340,2017-09-25,1340,勝悅-KY,twse,47.15,47.15,46.40,46.55,614610,28660295,-0.9,,126382524,403,,
2017-09-25_1402,2017-09-25,1402,遠東新,twse,24.50,24.55,24.15,24.35,3833172,93317913,-0.1,,5352875227,1147,,
2017-09-25_1409,2017-09-25,1409,新纖,twse,9.19,9.20,9.10,9.14,1463193,13355887,-0.04,,1618409291,561,,
2017-09-25_1410,2017-09-25,1410,南染,twse,23.75,23.95,23.55,23.90,142059,3368458,0.1,,72000000,88,,
2017-09-25_1413,2017-09-25,1413,宏洲,twse,8.05,8.05,7.82,7.83,154600,1219621,0.01,,132112454,56,,
2017-09-25_1414,2017-09-25,1414,東和,twse,6.30,6.33,6.27,6.33,177112,1114154,-0.01,,220000000,60,,
2017-09-25_1416,2017-09-25,1416,廣豐,twse,22.00,22.20,21.30,21.80,534950,11595038,-0.25,,205935742,222,,
2017-09-25_1417,2017-09-25,1417,嘉裕,twse,4.88,4.90,4.83,4.89,220094,1071233,-0.01,,379883680,94,,
2017-09-25_1418,2017-09-25,1418,東華,twse,4.55,4.61,4.55,4.61,13003,59343,0.06,,131927630,5,,
2017-09-25_1419,2017-09-25,1419,新紡,twse,41.80,41.90,41.80,41.80,93460,3906940,0.0,,300041280,53,,
2017-09-25_1423,2017-09-25,1423,利華,twse,7.28,7.35,7.28,7.35,167001,1220367,0.0,,173000000,28,,
2017-09-25_1432,2017-09-25,1432,大魯閣,twse,14.30,14.45,14.05,14.15,72846,1031384,-0.05,,171437642,43,,
2017-09-25_1434,2017-09-25,1434,福懋,twse,31.15,31.20,30.95,31.10,905572,28128860,-0.05,,1684664637,583,,
2017-09-25_1435,2017-09-25,1435,中福,twse,5.43,5.49,5.41,5.41,124527,677424,-0.1,,139780080,52,,
2017-09-25_1436,2017-09-25,1436,華友聯,twse,38.00,38.00,38.00,38.00,22185,842900,0.1,up,75900000,9,,
2017-09-25_1437,2017-09-25,1437,勤益控,twse,17.30,17.30,17.05,17.20,97000,1663500,-0.1,,196989937,48,,
2017-09-25_1438,2017-09-25,1438,三地開發,twse,5.02,5.02,5.02,5.02,121000,607420,0.02,up,102411518,16,,
2017-09-25_1439,2017-09-25,1439,雋揚,twse,20.30,20.50,20.20,20.35,87073,1764417,0.15,,92000000,36,,
2017-09-25_1440,2017-09-25,1440,南紡,twse,13.50,13.60,13.35,13.55,845870,11374296,0.05,,1656815857,331,,
2017-09-25_1441,2017-09-25,1441,大東,twse,7.71,7.71,7.50,7.59,43015,325612,-0.01,,68112408,25,,
2017-09-25_1442,2017-09-25,1442,名軒,twse,19.10,19.10,18.60,18.70,470000,8823950,-0.4,,268945199,229,,
2017-09-25_1443,2017-09-25,1443,立益物流,twse,5.89,5.95,5.65,5.95,23306,136337,0.06,,135343011,17,,
2017-09-25_1444,2017-09-25,1444,力麗,twse,10.40,10.45,10.15,10.20,3429765,35089050,-0.15,,957302942,1082,,
2017-09-25_1445,2017-09-25,1445,大宇,twse,8.60,8.60,8.36,8.42,300001,2533058,-0.1,,138667034,116,,
2017-09-25_1446,2017-09-25,1446,宏和,twse,21.30,21.40,21.15,21.35,83036,1762413,0.0,,137709513,43,,
2017-09-25_1447,2017-09-25,1447,力鵬,twse,8.31,8.36,8.24,8.25,1241682,10278918,-0.05,,914487242,435,,
2017-09-25_1449,2017-09-25,1449,佳和,twse,5.31,5.32,5.27,5.32,43327,229058,-0.05,,120000000,23,,
2017-09-25_1451,2017-09-25,1451,年興,twse,23.60,23.60,23.20,23.30,409546,9546241,-0.2,,400000000,259,,
2017-09-25_1452,2017-09-25,1452,宏益,twse,24.10,24.30,23.05,23.40,1334520,31329949,-0.8,,132641400,750,,
2017-09-25_1453,2017-09-25,1453,大將,twse,8.28,8.28,8.11,8.22,95158,778275,-0.06,,89674671,40,,
2017-09-25_1454,2017-09-25,1454,台富,twse,8.46,8.66,8.33,8.56,980754,8403842,0.02,,140309848,174,,
2017-09-25_1455,2017-09-25,1455,集盛,twse,10.25,10.60,10.20,10.45,18782584,194780518,0.25,,611763380,3135,,
2017-09-25_1456,2017-09-25,1456,怡華,twse,10.75,10.75,10.65,10.65,30293,323676,-0.1,,93720000,27,,
2017-09-25_1457,2017-09-25,1457,宜進,twse,10.85,10.85,10.70,10.75,1009995,10872483,-0.05,,301647640,273,,
2017-09-25_1459,2017-09-25,1459,聯發,twse,8.25,8.25,8.16,8.19,137387,1126757,-0.05,,358628907,56,,
2017-09-25_1460,2017-09-25,1460,宏遠,twse,15.00,15.05,14.80,14.90,629450,9358250,-0.1,,490036699,335,,
2017-09-25_1463,2017-09-25,1463,強盛新,twse,26.85,26.85,25.80,26.10,2888002,75437202,-0.85,,173268381,1356,,
2017-09-25_1464,2017-09-25,1464,得力,twse,26.35,26.50,25.50,25.60,1515434,39060323,-0.7,,320681573,669,,
2017-09-25_1465,2017-09-25,1465,偉全,twse,18.70,18.70,17.95,18.20,716900,13029630,-0.25,,103607267,353,,
2017-09-25_1466,2017-09-25,1466,聚隆,twse,11.80,11.85,11.75,11.75,56515,665922,0.0,,111157320,25,,
2017-09-25_1467,2017-09-25,1467,南緯,twse,10.80,10.90,10.50,10.90,1235021,13200028,0.1,,210262201,417,,
2017-09-25_1468,2017-09-25,1468,昶和,twse,10.10,10.25,10.05,10.20,32000,323700,-0.1,,160405244,10,,
2017-09-25_1469,2017-09-25,1469,理隆,twse,13.75,13.90,13.65,13.80,32000,441150,0.05,,124600000,17,,
2017-09-25_1470,2017-09-25,1470,大統新創,twse,18.40,18.40,18.40,18.40,2000,36800,0.0,flat,85767000,1,,
2017-09-25_1471,2017-09-25,1471,首利,twse,5.35,5.52,5.33,5.41,655865,3531846,0.06,,201467669,169,,
2017-09-25_1472,2017-09-25,1472,三洋實業,twse,23.85,25.00,23.80,24.10,1604640,39115876,0.65,,76373000,618,,
2017-09-25_1473,2017-09-25,1473,台南,twse,24.30,24.65,24.20,24.30,92300,2247090,0.0,,147148034,61,,
2017-09-25_1474,2017-09-25,1474,弘裕,twse,11.50,11.50,11.35,11.45,237001,2704461,0.1,,129896969,92,,
2017-09-25_1475,2017-09-25,1475,業旺,twse,41.00,41.45,40.20,41.45,146100,5971320,0.45,,52516749,121,,
2017-09-25_1476,2017-09-25,1476,儒鴻,twse,373.00,381.50,368.50,375.50,1749806,658323534,2.0,,274367111,1445,,
2017-09-25_1477,2017-09-25,1477,聚陽,twse,134.00,134.50,130.50,131.00,1258623,165294736,-3.0,,207185590,996,,
2017-09-25_1503,2017-09-25,1503,士電,twse,41.55,41.75,41.35,41.50,36477,1515643,-0.05,,520972223,41,,
2017-09-25_1504,2017-09-25,1504,東元,twse,28.45,28.45,27.65,28.00,3853389,107392954,-0.45,,2002692886,1718,,
2017-09-25_1506,2017-09-25,1506,正道,twse,21.85,21.95,21.25,21.50,357009,7657794,-0.3,,122255751,132,,
2017-09-25_1507,2017-09-25,1507,永大,twse,58.50,58.50,55.50,56.30,1221599,69086976,-2.2,,410820000,797,,
2017-09-25_1512,2017-09-25,1512,瑞利,twse,13.50,13.60,13.05,13.05,2297004,30366402,-0.35,,181802494,639,,
2017-09-25_1513,2017-09-25,1513,中興電,twse,23.60,23.90,22.55,22.90,8755425,203721970,-0.4,,420000000,2857,,
2017-09-25_1514,2017-09-25,1514,亞力,twse,10.20,10.25,10.05,10.15,374101,3781584,-0.05,,201067013,135,,
2017-09-25_1515,2017-09-25,1515,力山,twse,42.90,43.60,41.50,42.00,2320163,98420596,-0.65,,181473500,1270,,
2017-09-25_1516,2017-09-25,1516,川飛,twse,14.60,14.80,14.50,14.80,47500,693400,-0.05,,30390653,27,,
2017-09-25_1517,2017-09-25,1517,利奇,twse,11.00,11.05,10.75,10.95,605050,6571946,-0.05,,227825007,168,,
2017-09-25_1519,2017-09-25,1519,華城,twse,21.40,21.45,20.30,20.55,986529,20446748,-0.8,,261058548,512,,
2017-09-25_1521,2017-09-25,1521,大億,twse,81.40,81.40,80.70,81.00,57000,4620400,-0.4,,76230000,45,,
2017-09-25_1522,2017-09-25,1522,堤維西,twse,33.20,33.30,32.20,32.30,1417298,46048974,-1.0,,312897881,740,,
2017-09-25_1524,2017-09-25,1524,耿鼎,twse,11.70,11.70,11.30,11.40,947286,10830709,-0.2,,179685207,314,,
2017-09-25_1525,2017-09-25,1525,江申,twse,103.00,103.00,99.50,101.00,111000,11177500,-2.5,,73400135,92,,
2017-09-25_1526,2017-09-25,1526,日馳,twse,36.10,36.95,34.25,34.25,2547610,89580866,-2.05,,50000000,1230,,
2017-09-25_1527,2017-09-25,1527,鑽全,twse,85.80,85.80,81.10,82.10,809345,67069728,-3.2,,137960640,663,,
2017-09-25_1528,2017-09-25,1528,恩德,twse,11.35,11.35,11.05,11.20,906030,10129536,-0.15,,180000000,229,,
2017-09-25_1529,2017-09-25,1529,樂事綠能,twse,3.40,3.40,3.26,3.27,80009,262469,-0.03,,599708920,14,,
2017-09-25_1530,2017-09-25,1530,亞崴,twse,33.30,33.35,32.00,32.10,211174,6835819,-1.15,,96594171,138,,
2017-09-25_1531,2017-09-25,1531,高林股,twse,20.45,20.45,19.95,20.00,293109,5912930,-0.4,,193151080,131,,
2017-09-25_1532,2017-09-25,1532,勤美,twse,30.20,30.20,29.30,29.55,712137,21027130,-0.65,,385252112,436,,
2017-09-25_1533,2017-09-25,1533,車王電,twse,40.90,40.95,39.10,39.35,300560,11891123,-1.15,,98547486,224,,
2017-09-25_1535,2017-09-25,1535,中宇,twse,40.10,40.10,39.70,39.75,32129,1281377,-0.35,,123742552,23,,
2017-09-25_1536,2017-09-25,1536,和大,twse,140.50,141.00,134.00,138.50,2719862,373112879,-1.5,,254956513,1843,,
2017-09-25_1537,2017-09-25,1537,廣隆,twse,149.50,149.50,148.00,149.00,159001,23672650,-0.5,,81785394,122,,
2017-09-25_1538,2017-09-25,1538,正峰,twse,5.98,5.98,5.86,5.87,257264,1512318,-0.11,,83135851,86,,
2017-09-25_1539,2017-09-25,1539,巨庭,twse,21.60,21.60,21.05,21.25,103244,2205483,-0.55,,65370000,78,,
2017-09-25_1540,2017-09-25,1540,喬福,twse,15.25,15.25,14.90,15.00,98264,1475299,-0.2,,85473612,50,,
2017-09-25_1541,2017-09-25,1541,錩泰,twse,48.05,48.05,46.30,46.60,89300,4164994,-1.4,,78800000,60,,
2017-09-25_1558,2017-09-25,1558,伸興,twse,131.00,131.00,129.00,129.00,134221,17368672,-2.5,,60552631,117,,
2017-09-25_1560,2017-09-25,1560,中砂,twse,77.00,77.00,71.70,74.90,1962600,146763000,-3.0,,141000000,1318,,
2017-09-25_1565,2017-09-25,1565,精華,tpex,627.00,630.00,617.00,619.00,252000,156458000,-12.00,,50416516,237,,
2017-09-25_1566,2017-09-25,1566,捷邦,tpex,21.35,21.40,20.40,20.40,680000,14058750,-0.95,,66467028,316,,
2017-09-25_1568,2017-09-25,1568,倉佑,twse,45.40,45.60,43.50,43.70,2118266,93551349,-1.3,,103086559,1112,,
2017-09-25_1569,2017-09-25,1569,濱川,tpex,37.50,37.90,35.85,35.90,1678000,61257750,-1.60,,101829341,1053,,
2017-09-25_1570,2017-09-25,1570,力肯,tpex,16.30,16.30,15.80,16.05,482000,7694700,-0.20,,51500839,174,,
2017-09-25_1580,2017-09-25,1580,新麥,tpex,155.50,157.50,154.00,157.50,53000,8215000,2.00,,48531634,49,,
2017-09-25_1582,2017-09-25,1582,信錦,twse,70.00,70.10,68.00,68.40,1029365,70583694,-1.6,,159295881,810,,
2017-09-25_1583,2017-09-25,1583,程泰,twse,61.90,62.20,61.60,62.20,20000,1236500,-0.6,,110400372,17,,
2017-09-25_1584,2017-09-25,1584,精剛,tpex,12.05,12.05,11.80,11.85,434000,5170850,-0.25,,82470533,181,,
2017-09-25_1586,2017-09-25,1586,和勤,tpex,44.20,44.75,43.05,43.15,4659000,203567050,-0.85,,70430388,946,,
2017-09-25_1589,2017-09-25,1589,永冠-KY,twse,78.80,79.20,76.60,76.60,522070,40348160,-2.2,,118817519,355,,
2017-09-25_1590,2017-09-25,1590,亞德客-KY,twse,448.00,449.50,432.00,432.00,1134751,499426781,-14.0,,189024998,1031,,
2017-09-25_1591,2017-09-25,1591,駿吉-KY,tpex,29.65,29.90,29.60,29.80,59000,1749450,0.15,,33164807,28,,
2017-09-25_1592,2017-09-25,1592,英瑞-KY,twse,34.35,34.40,33.75,34.10,203006,6903716,-0.6,,100433250,130,,
2017-09-25_1593,2017-09-25,1593,祺驊,tpex,40.10,40.50,39.80,40.10,28000,1118250,0.10,,30305649,13,,
2017-09-25_1595,2017-09-25,1595,川寶,tpex,66.20,66.30,65.60,66.10,102000,6730300,-0.70,,40621820,64,,
2017-09-25_1597,2017-09-25,1597,直得,tpex,85.20,85.70,80.00,80.00,2500000,204502900,-5.20,,62045489,1927,,
2017-09-25_1598,2017-09-25,1598,岱宇,twse,41.90,42.45,41.90,41.95,313003,13199076,0.05,,92950223,144,,
2017-09-25_1599,2017-09-25,1599,宏佳騰,tpex,42.95,43.40,42.50,42.50,60000,2564600,-0.50,,62002519,43,,
2017-09-25_1603,2017-09-25,1603,華電,twse,26.00,26.10,25.85,26.10,37199,966874,0.1,,191688000,18,,
2017-09-25_1604,2017-09-25,1604,聲寶,twse,14.50,14.50,14.25,14.50,1255970,18044212,0.0,,499000000,330,,
2017-09-25_1605,2017-09-25,1605,華新,twse,14.05,14.15,13.55,13.80,7892268,108883786,-0.25,,3366000258,2287,,
2017-09-25_1608,2017-09-25,1608,華榮,twse,9.94,9.98,9.74,9.90,1433772,14090036,-0.04,,632773506,482,,
2017-09-25_1609,2017-09-25,1609,大亞,twse,8.06,8.06,7.69,7.73,5802580,45191026,-0.28,,572180791,1539,,
2017-09-25_1611,2017-09-25,1611,中電,twse,9.94,10.00,9.53,9.66,4179443,40718809,-0.23,,398439186,1566,,
2017-09-25_1612,2017-09-25,1612,宏泰,twse,10.55,10.55,10.25,10.30,636637,6584692,-0.3,,316080063,244,,
2017-09-25_1614,2017-09-25,1614,三洋電,twse,23.75,23.90,23.70,23.90,72310,1715178,0.1,,269113406,25,,
2017-09-25_1615,2017-09-25,1615,大山,twse,13.45,13.45,13.00,13.15,190000,2504900,-0.2,,111861784,83,,
2017-09-25_1616,2017-09-25,1616,億泰,twse,5.81,5.85,5.73,5.78,90589,522672,-0.03,,194148515,39,,
2017-09-25_1617,2017-09-25,1617,榮星,twse,13.85,13.85,12.80,13.05,399371,5248485,-0.8,,144233235,177,,
2017-09-25_1618,2017-09-25,1618,合機,twse,9.28,9.28,9.04,9.14,331510,3025470,-0.16,,240864684,130,,
2017-09-25_1626,2017-09-25,1626,艾美特-KY,twse,27.20,28.50,27.10,27.95,429000,11943500,1.05,,122843586,218,,
2017-09-25_1701,2017-09-25,1701,中化,twse,17.95,17.95,17.65,17.75,714325,12709816,-0.2,,298081080,222,,
2017-09-25_1702,2017-09-25,1702,南僑,twse,59.90,59.90,58.50,59.20,550387,32472760,-0.7,,294132962,383,,
2017-09-25_1704,2017-09-25,1704,榮化,twse,40.70,40.90,39.90,40.15,1803015,72373392,-0.5,,855432368,918,,
2017-09-25_1707,2017-09-25,1707,葡萄王,twse,182.00,182.00,177.00,179.00,706889,126525631,-2.5,,135214211,570,,
2017-09-25_1708,2017-09-25,1708,東鹼,twse,29.50,29.50,28.70,28.90,1285074,37268746,-0.65,,201447866,723,,
2017-09-25_1709,2017-09-25,1709,和益,twse,18.05,18.05,17.90,18.00,854767,15361739,-0.15,,472019402,319,,
2017-09-25_1710,2017-09-25,1710,東聯,twse,24.50,24.55,24.00,24.30,2385197,57833487,-0.1,,885703029,911,,
2017-09-25_1711,2017-09-25,1711,永光,twse,19.05,19.20,18.65,18.80,786241,14758806,-0.35,,547752226,427,,
2017-09-25_1712,2017-09-25,1712,興農,twse,16.70,16.75,16.15,16.55,3310191,54342445,-0.1,,373277366,959,,
2017-09-25_1713,2017-09-25,1713,國化,twse,15.30,15.45,15.30,15.45,21001,322365,0.05,,150951700,11,,
2017-09-25_1714,2017-09-25,1714,和桐,twse,9.16,9.18,8.87,8.94,3598450,32245818,-0.21,,987207428,1209,,
2017-09-25_1715,2017-09-25,1715,萬洲,twse,10.75,11.20,10.65,10.85,5068350,55542079,0.25,,408851613,1163,,
2017-09-25_1717,2017-09-25,1717,長興,twse,30.60,30.60,30.00,30.25,1180819,35655884,-0.35,,1159139677,670,,
2017-09-25_1718,2017-09-25,1718,中纖,twse,8.67,8.68,8.48,8.51,4728544,40370576,-0.16,,1429493458,1171,,
2017-09-25_1720,2017-09-25,1720,生達,twse,33.00,33.00,32.50,32.65,341043,11136109,-0.25,,178696089,189,,
2017-09-25_1721,2017-09-25,1721,國慶科技,twse,13.10,13.10,12.80,12.95,65222,841771,-0.05,,222347344,40,,
2017-09-25_1722,2017-09-25,1722,台肥,twse,39.25,39.30,38.90,38.90,2293199,89420547,-0.35,,980000000,1269,,
2017-09-25_1723,2017-09-25,1723,中碳,twse,118.00,118.00,115.50,117.00,438302,51067334,-1.0,,236904480,314,,
2017-09-25_1724,2017-09-25,1724,台硝,twse,14.20,14.20,14.10,14.20,74002,1047778,-0.05,,127813900,35,,
2017-09-25_1725,2017-09-25,1725,元禎,twse,14.35,14.35,14.25,14.25,17000,243450,-0.1,,181829978,9,,
2017-09-25_1726,2017-09-25,1726,永記,twse,79.60,79.70,79.40,79.70,13002,1033558,0.1,,162000000,13,,
2017-09-25_1727,2017-09-25,1727,中華化,twse,12.65,12.65,12.55,12.60,64022,805926,-0.05,,110250000,36,,
2017-09-25_1730,2017-09-25,1730,花仙子,twse,41.40,41.40,41.10,41.40,114668,4719522,0.0,,56981168,86,,
2017-09-25_1731,2017-09-25,1731,美吾華,twse,13.60,13.60,13.45,13.55,89001,1203913,-0.05,,132915244,58,,
2017-09-25_1732,2017-09-25,1732,毛寶,twse,12.55,12.75,12.55,12.60,54001,680212,0.05,,42443957,33,,
2017-09-25_1733,2017-09-25,1733,五鼎,twse,33.45,33.45,33.00,33.10,424001,14046184,-0.35,,99726704,179,,
2017-09-25_1734,2017-09-25,1734,杏輝,twse,22.10,22.80,22.00,22.50,1226311,27474775,0.8,,167722022,784,,
2017-09-25_1735,2017-09-25,1735,日勝化,twse,13.65,13.65,13.45,13.50,94084,1273125,-0.15,,99388000,51,,
2017-09-25_1736,2017-09-25,1736,喬山,twse,36.85,36.85,36.00,36.40,190552,6927213,-0.4,,304016617,124,,
2017-09-25_1737,2017-09-25,1737,臺鹽,twse,28.55,28.65,28.20,28.50,206296,5878101,-0.05,,200000000,109,,
2017-09-25_1742,2017-09-25,1742,台蠟,tpex,10.45,10.60,10.30,10.50,134000,1398450,-0.10,,72240524,58,,
2017-09-25_1752,2017-09-25,1752,南光,tpex,37.10,37.10,36.80,36.90,189000,6988100,-0.20,,100988472,128,,
2017-09-25_1762,2017-09-25,1762,中化生,twse,22.15,22.20,21.90,22.00,164002,3611794,-0.3,,77560000,107,,
2017-09-25_1773,2017-09-25,1773,勝一,twse,66.50,66.50,65.50,65.80,141241,9278878,-0.7,,150000000,95,,
2017-09-25_1776,2017-09-25,1776,展宇,twse,21.00,21.00,20.80,20.80,22201,464780,-0.2,,69560099,17,,
2017-09-25_1777,2017-09-25,1777,生泰,tpex,88.00,88.80,87.40,88.30,17000,1495000,-0.20,,30059550,14,,
2017-09-25_1781,2017-09-25,1781,合世,tpex,13.20,13.20,12.80,12.80,78000,1004850,-0.40,,47407605,39,,
2017-09-25_1783,2017-09-25,1783,和康生,twse,23.20,23.20,22.90,23.00,54501,1253772,-0.1,,78757000,39,,
2017-09-25_1784,2017-09-25,1784,訊聯,tpex,28.70,28.70,27.80,28.00,125000,3516550,-0.70,,49688924,86,,
2017-09-25_1786,2017-09-25,1786,科妍,twse,40.70,41.10,40.20,40.45,83013,3350780,-0.55,,53500000,73,,
2017-09-25_1787,2017-09-25,1787,福盈科,tpex,24.10,24.10,23.45,23.80,305000,7211550,-0.30,,72004504,161,,
2017-09-25_1788,2017-09-25,1788,杏昌,tpex,93.40,93.40,92.00,92.80,16000,1475500,0.20,,35000000,14,,
2017-09-25_1789,2017-09-25,1789,神隆,twse,34.05,34.05,32.70,32.70,3850546,127490810,-1.35,,790739222,1937,,
2017-09-25_1795,2017-09-25,1795,美時,tpex,49.60,49.60,48.10,48.50,284000,13800500,-0.70,,238491744,224,,
2017-09-25_1799,2017-09-25,1799,易威,tpex,22.60,22.60,22.30,22.50,54000,1213600,-0.10,,83902678,36,,
2017-09-25_1802,2017-09-25,1802,台玻,twse,15.40,15.40,15.05,15.15,1622168,24576628,-0.3,,2908060800,672,,
2017-09-25_1805,2017-09-25,1805,寶徠,twse,14.40,14.70,13.80,14.00,631999,8849286,-0.4,,80265400,217,,
2017-09-25_1806,2017-09-25,1806,冠軍,twse,7.66,7.66,7.50,7.52,715936,5405797,-0.16,,437335078,200,,
2017-09-25_1808,2017-09-25,1808,潤隆,twse,38.55,38.55,37.45,37.50,632012,23808827,-1.05,,243355904,373,,
2017-09-25_1809,2017-09-25,1809,中釉,twse,13.40,13.40,12.55,12.55,1711375,21907422,-0.85,,167041937,734,,
2017-09-25_1810,2017-09-25,1810,和成,twse,9.92,9.92,9.71,9.72,838934,8202159,-0.18,,369853610,300,,
2017-09-25_1813,2017-09-25,1813,寶利徠,tpex,21.00,21.00,20.65,20.65,34000,706200,-0.35,,46635510,24,,
2017-09-25_1815,2017-09-25,1815,富喬,tpex,15.50,15.50,14.85,14.95,7071000,107040700,-0.55,,437259726,1676,,
2017-09-25_1817,2017-09-25,1817,凱撒衛,twse,39.50,39.95,39.10,39.95,208090,8199695,0.0,,72600000,126,,
2017-09-25_1902,2017-09-25,1902,台紙,twse,20.15,20.15,19.50,19.60,1516202,29911237,-0.5,,402000550,376,,
2017-09-25_1903,2017-09-25,1903,士紙,twse,32.00,32.35,31.65,32.30,84001,2697782,0.2,,260039121,52,,
2017-09-25_1904,2017-09-25,1904,正隆,twse,19.30,19.45,18.90,19.30,14083481,271125560,0.15,,1108274522,4190,,
2017-09-25_1905,2017-09-25,1905,華紙,twse,11.60,11.70,11.25,11.40,2826059,32277915,-0.15,,1102835316,739,,
2017-09-25_1906,2017-09-25,1906,寶隆,twse,36.40,36.40,34.50,35.95,1063735,37602237,-0.1,,151000000,624,,
2017-09-25_1907,2017-09-25,1907,永豐餘,twse,12.55,12.70,12.35,12.50,2489450,31051741,-0.05,,1660371495,668,,
2017-09-25_1909,2017-09-25,1909,榮成,twse,51.00,51.80,49.30,51.50,8330283,422340587,1.0,,1133685727,4437,,
2017-09-25_2002,2017-09-25,2002,中鋼,twse,24.40,24.45,24.20,24.25,12902922,313053485,-0.15,,15773128996,5672,,
2017-09-25_2002A,2017-09-25,2002A,中鋼特,twse,42.10,42.10,42.10,42.10,1000,42100,-0.1,down,47777000,1,,
2017-09-25_2006,2017-09-25,2006,東和鋼鐵,twse,23.60,23.65,23.40,23.40,876211,20553865,-0.3,,998221448,505,,
2017-09-25_2007,2017-09-25,2007,燁興,twse,4.81,4.81,4.73,4.81,26567,127191,-0.07,,630651613,18,,
2017-09-25_2008,2017-09-25,2008,高興昌,twse,10.05,10.10,10.00,10.10,61950,623600,0.1,,223152293,21,,
2017-09-25_2009,2017-09-25,2009,第一銅,twse,10.10,10.10,9.90,9.95,354550,3530684,-0.1,,359622165,164,,
2017-09-25_2010,2017-09-25,2010,春源,twse,11.40,11.40,11.25,11.30,238582,2691575,-0.05,,647655390,108,,
2017-09-25_2012,2017-09-25,2012,春雨,twse,13.85,13.85,13.85,13.85,40002,554026,0.0,flat,287774000,17,,
2017-09-25_2013,2017-09-25,2013,中鋼構,twse,19.95,19.95,19.65,19.70,158431,3124132,-0.25,,200000000,112,,
2017-09-25_2014,2017-09-25,2014,中鴻,twse,10.60,10.70,10.40,10.55,4589533,48196242,-0.05,,1435544446,1316,,
2017-09-25_2015,2017-09-25,2015,豐興,twse,52.50,53.00,51.50,53.00,420287,22134021,0.5,,581599424,381,,
2017-09-25_2017,2017-09-25,2017,官田鋼,twse,8.90,9.00,8.90,8.98,177621,1587262,-0.02,,327145898,92,,
2017-09-25_2020,2017-09-25,2020,美亞,twse,13.70,13.70,13.35,13.50,409377,5518019,-0.2,,236526100,114,,
2017-09-25_2022,2017-09-25,2022,聚亨,twse,6.20,6.20,5.98,6.04,1369750,8279210,-0.13,,547091116,315,,
2017-09-25_2023,2017-09-25,2023,燁輝,twse,11.50,11.60,11.30,11.30,4668926,53196451,-0.3,,1718090576,1497,,
2017-09-25_2024,2017-09-25,2024,志聯,twse,8.98,9.00,8.91,8.91,199854,1784228,-0.07,,97500000,81,,
2017-09-25_2025,2017-09-25,2025,千興,twse,2.65,2.79,2.65,2.75,329001,886352,-0.04,,322834050,48,,
2017-09-25_2027,2017-09-25,2027,大成鋼,twse,17.85,17.90,17.50,17.55,1754940,30860936,-0.35,,855951973,699,,
2017-09-25_2028,2017-09-25,2028,威致,twse,8.00,8.00,7.52,7.94,257542,2001961,0.02,,325714800,69,,
2017-09-25_2029,2017-09-25,2029,盛餘,twse,34.00,34.20,33.40,33.45,749000,25126100,-0.65,,321180000,461,,
2017-09-25_2030,2017-09-25,2030,彰源,twse,14.90,15.10,14.55,14.80,1830381,26919634,-0.35,,286526027,702,,
2017-09-25_2031,2017-09-25,2031,新光鋼,twse,28.55,28.75,26.80,26.90,6758574,184945981,-1.95,,306193739,3222,,
2017-09-25_2032,2017-09-25,2032,新鋼,twse,9.96,10.00,9.75,9.77,159661,1568401,-0.19,,130521545,60,,
2017-09-25_2033,2017-09-25,2033,佳大,twse,9.00,9.02,9.00,9.02,4000,36040,-0.26,,80694536,4,,
2017-09-25_2034,2017-09-25,2034,允強,twse,25.80,25.80,25.10,25.10,1454102,36670171,-0.5,,407130743,665,,
2017-09-25_2035,2017-09-25,2035,唐榮,tpex,,,,,0,0,,,350000000,0,無成交,
2017-09-25_2038,2017-09-25,2038,海光,twse,7.88,7.93,7.80,7.82,247000,1937100,-0.06,,181264522,112,,
2017-09-25_2049,2017-09-25,2049,上銀,twse,288.00,288.00,272.00,274.50,4152203,1149495185,-13.0,,280157307,3384,,
2017-09-25_2059,2017-09-25,2059,川湖,twse,398.00,404.00,395.00,404.00,211051,84479924,4.0,,95297072,208,,
2017-09-25_2061,2017-09-25,2061,風青,tpex,11.10,11.15,10.85,11.00,91000,1000600,-0.30,,62075076,38,,
2017-09-25_2062,2017-09-25,2062,橋椿,twse,39.00,39.00,38.25,38.30,421000,16155850,-0.6,,163643229,256,,
2017-09-25_2063,2017-09-25,2063,世鎧,tpex,33.50,33.50,33.00,33.30,73000,2440400,-0.05,,45000000,42,,
2017-09-25_2064,2017-09-25,2064,晉椿,tpex,17.40,17.45,17.35,17.40,21000,365850,0.00,,70000000,12,,
2017-09-25_2065,2017-09-25,2065,世豐,tpex,26.90,26.90,26.00,26.00,88000,2317800,-0.90,,32679220,50,,
2017-09-25_2066,2017-09-25,2066,世德,tpex,100.00,100.00,99.30,99.70,91000,9074600,-1.30,,36502870,71,,
2017-09-25_2067,2017-09-25,2067,嘉鋼,tpex,12.10,12.60,12.10,12.60,13000,159800,-0.10,,36866177,7,,
2017-09-25_2069,2017-09-25,2069,運錩,twse,24.55,26.30,24.55,26.00,1370553,35063054,1.65,,133272502,662,,
2017-09-25_2101,2017-09-25,2101,南港,twse,27.30,27.35,26.90,27.10,531095,14377355,-0.25,,833934904,201,,
2017-09-25_2102,2017-09-25,2102,泰豐,twse,14.30,14.30,14.10,14.15,515313,7307258,-0.1,,473329207,239,,
2017-09-25_2103,2017-09-25,2103,台橡,twse,32.05,32.10,31.55,31.70,1103014,34947479,-0.45,,825709978,779,,
2017-09-25_2104,2017-09-25,2104,國際中橡,twse,43.10,43.35,41.35,42.00,5361092,225679170,-1.05,,628586987,2544,,
2017-09-25_2105,2017-09-25,2105,正新,twse,61.20,61.30,60.50,60.70,2794534,169478705,-0.4,,3241415536,1436,,
2017-09-25_2106,2017-09-25,2106,建大,twse,43.50,43.50,42.70,43.05,479668,20634024,-0.45,,874430000,289,,
2017-09-25_2108,2017-09-25,2108,南帝,twse,21.80,21.85,21.50,21.65,441803,9550716,-0.25,,468968246,267,,
2017-09-25_2109,2017-09-25,2109,華豐,twse,11.15,11.20,11.00,11.10,246518,2722448,0.1,,332349134,86,,
2017-09-25_2114,2017-09-25,2114,鑫永銓,twse,73.50,73.60,72.60,73.60,137960,10089454,0.6,,67525288,86,,
2017-09-25_2115,2017-09-25,2115,六暉-KY,twse,52.90,52.90,51.20,51.20,125390,6454515,-1.0,,81964967,117,,
2017-09-25_2201,2017-09-25,2201,裕隆,twse,26.10,26.20,25.80,25.95,1833673,47645671,-0.05,,1572919909,889,,
2017-09-25_2204,2017-09-25,2204,中華,twse,27.45,27.45,27.15,27.30,1008283,27484660,-0.15,,1384050854,861,,
2017-09-25_2206,2017-09-25,2206,三陽工業,twse,21.65,21.75,21.10,21.10,4398066,93637637,-0.55,,868595604,1468,,
2017-09-25_2207,2017-09-25,2207,和泰車,twse,360.00,363.00,358.00,362.50,82302,29661220,0.0,,546179184,93,,
2017-09-25_2208,2017-09-25,2208,台船,twse,12.45,12.50,12.25,12.35,671390,8278513,-0.1,,743565179,247,,
2017-09-25_2221,2017-09-25,2221,大甲,tpex,25.30,25.30,24.50,24.55,151000,3737450,-0.65,,42425000,101,,
2017-09-25_2227,2017-09-25,2227,裕日車,twse,256.00,256.00,251.50,254.00,94623,23980488,-1.5,,300000000,89,,
2017-09-25_2228,2017-09-25,2228,劍麟,twse,130.00,133.50,130.00,130.50,227001,29803133,1.0,,75766354,213,,
2017-09-25_2230,2017-09-25,2230,泰茂,tpex,13.85,13.85,13.50,13.70,8000,108850,-0.15,,39617338,8,,
2017-09-25_2231,2017-09-25,2231,為升,twse,355.00,359.00,350.00,354.00,440543,155818308,-4.0,,91985553,332,,
2017-09-25_2233,2017-09-25,2233,宇隆,tpex,109.50,109.50,104.50,105.00,929000,98483000,-4.00,,49214766,678,,
2017-09-25_2235,2017-09-25,2235,謚源,tpex,113.00,113.00,110.00,112.00,12000,1336500,-1.00,,31878000,11,,
2017-09-25_2236,2017-09-25,2236,百達-KY,twse,55.90,55.90,54.70,55.30,24000,1324800,-0.6,,37658743,21,,
2017-09-25_2239,2017-09-25,2239,英利-KY,twse,181.00,181.00,175.50,176.00,584130,103546750,-3.0,,110000000,435,,
2017-09-25_2301,2017-09-25,2301,光寶科,twse,43.80,43.80,42.70,42.70,7051938,302760638,-0.75,,2350867032,2714,,
2017-09-25_2302,2017-09-25,2302,麗正,twse,5.71,5.71,5.60,5.66,230000,1297030,-0.04,,166302881,104,,
2017-09-25_2303,2017-09-25,2303,聯電,twse,15.55,15.65,15.15,15.20,42904781,657226766,-0.3,,12624318715,6327,,
2017-09-25_2305,2017-09-25,2305,全友,twse,7.00,7.03,6.97,7.03,116818,816376,-0.03,,205660827,51,,
2017-09-25_2308,2017-09-25,2308,台達電,twse,158.00,158.50,156.00,156.00,4029537,630961289,-3.0,,2597543329,2398,,
2017-09-25_2311,2017-09-25,2311,日月光,twse,36.90,36.95,36.15,36.45,15847455,577256039,-0.25,,8380478101,4185,,
2017-09-25_2312,2017-09-25,2312,金寶,twse,10.30,10.30,10.10,10.20,2150118,21905644,-0.1,,1455657211,566,,
2017-09-25_2313,2017-09-25,2313,華通,twse,36.50,36.60,33.50,33.50,33145027,1146318895,-3.6,,1191820589,11960,,
2017-09-25_2314,2017-09-25,2314,台揚,twse,38.40,38.40,36.90,37.70,3315297,124063680,-0.25,,215175531,1627,,
2017-09-25_2316,2017-09-25,2316,楠梓電,twse,23.00,23.00,21.35,21.75,2431466,53417372,0.0,,238850000,1485,,
2017-09-25_2317,2017-09-25,2317,鴻海,twse,107.00,107.00,105.00,105.00,71182450,7516424351,-3.0,,17328738262,29286,,
2017-09-25_2321,2017-09-25,2321,東訊,twse,2.50,2.68,2.50,2.68,34900,88148,0.08,,630665181,14,,
2017-09-25_2323,2017-09-25,2323,中環,twse,4.34,4.46,4.26,4.35,17610346,76615861,0.02,,1877871491,2240,,
2017-09-25_2324,2017-09-25,2324,仁寶,twse,21.25,21.45,20.70,20.75,17333307,363783817,-1.15,,4421870625,8040,,
2017-09-25_2325,2017-09-25,2325,矽品,twse,47.70,47.75,47.40,47.75,1657237,78908637,0.2,,3116361139,1100,,
2017-09-25_2327,2017-09-25,2327,國巨*,twse,218.00,218.00,198.00,200.00,2929936,600875211,-19.0,,349241792,2272,,
2017-09-25_2328,2017-09-25,2328,廣宇,twse,26.25,26.45,25.00,25.45,7028933,180810481,-1.25,,518346282,3075,,
2017-09-25_2329,2017-09-25,2329,華泰,twse,9.70,9.75,9.10,9.26,2909418,27059884,-0.44,,806015782,756,,
2017-09-25_2330,2017-09-25,2330,台積電,twse,217.50,218.50,217.00,217.00,17458286,3797761662,-1.5,,25930380458,6250,,
2017-09-25_2331,2017-09-25,2331,精英,twse,23.60,23.70,22.70,23.50,3766157,87415762,-0.1,,557402968,1193,,
2017-09-25_2332,2017-09-25,2332,友訊,twse,11.10,11.10,10.75,10.80,2164325,23510448,-0.3,,651996166,652,,
2017-09-25_2337,2017-09-25,2337,旺宏,twse,48.90,49.05,46.90,47.05,32553685,1550847645,-1.65,,1805028142,12655,,
2017-09-25_2338,2017-09-25,2338,光罩,twse,17.35,17.95,17.00,17.95,3982477,70150630,0.7,,252713611,1607,,
2017-09-25_2342,2017-09-25,2342,茂矽,twse,5.44,5.44,4.80,5.00,5861322,29870955,0.05,,372254853,836,,
2017-09-25_2344,2017-09-25,2344,華邦電,twse,28.80,28.85,27.05,27.05,102580447,2854833794,-0.65,,3580000193,26558,,
2017-09-25_2345,2017-09-25,2345,智邦,twse,92.60,92.90,89.60,90.60,4254164,386131534,-2.5,,546858897,2706,,
2017-09-25_2347,2017-09-25,2347,聯強,twse,36.30,36.30,34.70,35.00,7718998,271661230,-1.2,,1667946968,4040,,
2017-09-25_2348,2017-09-25,2348,海悅,twse,27.40,27.50,27.40,27.45,12067,331419,-0.05,,85600000,16,,
2017-09-25_2349,2017-09-25,2349,錸德,twse,5.10,5.14,5.04,5.12,5902985,29987136,0.02,,1766792130,910,,
2017-09-25_2351,2017-09-25,2351,順德,twse,81.60,81.80,76.90,77.00,5780409,452992193,-4.1,,182140249,3669,,
2017-09-25_2352,2017-09-25,2352,佳世達,twse,22.05,22.15,21.60,21.60,12470086,271231386,-0.5,,1966781958,3750,,
2017-09-25_2353,2017-09-25,2353,宏碁,twse,15.50,15.60,15.10,15.20,10042644,152981619,-0.3,,3076502828,3077,,
2017-09-25_2354,2017-09-25,2354,鴻準,twse,88.30,88.50,86.10,86.30,10213216,886578692,-2.9,,1414485192,6380,,
2017-09-25_2355,2017-09-25,2355,敬鵬,twse,58.90,59.00,56.50,56.70,2984697,170666486,-1.7,,397495420,1977,,
2017-09-25_2356,2017-09-25,2356,英業達,twse,23.50,23.55,22.55,22.55,12254072,279767878,-0.95,,3587475066,4830,,
2017-09-25_2357,2017-09-25,2357,華碩,twse,254.00,254.50,251.00,252.50,870902,219213402,-1.5,,742760280,703,,
2017-09-25_2358,2017-09-25,2358,廷鑫,twse,21.00,21.00,20.60,20.60,406668,8447743,-0.55,,49616172,153,,
2017-09-25_2359,2017-09-25,2359,所羅門,twse,23.90,23.90,22.05,22.10,4012854,90686524,-1.9,,171471052,1892,,
2017-09-25_2360,2017-09-25,2360,致茂,twse,108.00,108.50,104.50,105.00,1041560,110297740,-2.5,,405263105,745,,
2017-09-25_2362,2017-09-25,2362,藍天,twse,30.35,30.35,29.25,29.85,905871,26873670,-0.5,,683163000,417,,
2017-09-25_2363,2017-09-25,2363,矽統,twse,7.86,7.94,7.67,7.71,3741190,29015550,-0.24,,560062477,1224,,
2017-09-25_2364,2017-09-25,2364,倫飛,twse,2.44,2.48,2.44,2.48,44000,107986,0.04,,143931407,24,,
2017-09-25_2365,2017-09-25,2365,昆盈,twse,10.00,10.00,9.80,9.80,1005295,9903298,-0.2,,258538496,208,,
2017-09-25_2367,2017-09-25,2367,燿華,twse,11.25,11.30,11.00,11.05,3430013,38089293,-0.2,,543537830,807,,
2017-09-25_2368,2017-09-25,2368,金像電,twse,10.05,10.05,9.62,9.66,3071396,30004905,-0.39,,552246841,943,,
2017-09-25_2369,2017-09-25,2369,菱生,twse,17.50,17.65,16.95,17.15,20838681,360051181,0.2,,380102344,7042,,
2017-09-25_2371,2017-09-25,2371,大同,twse,12.55,12.60,12.30,12.30,12924404,160922607,-0.1,,2339536685,2821,,
2017-09-25_2373,2017-09-25,2373,震旦行,twse,86.00,86.50,85.00,85.50,291584,25033840,-1.0,,236202518,272,,
2017-09-25_2374,2017-09-25,2374,佳能,twse,23.65,23.65,21.80,21.80,3183649,70536867,-1.65,,282375555,1456,,
2017-09-25_2375,2017-09-25,2375,凱美,twse,29.70,29.70,28.50,29.20,1152261,33328377,-0.6,,91518283,525,,
2017-09-25_2376,2017-09-25,2376,技嘉,twse,38.45,38.45,37.70,37.80,1793979,67998746,-0.7,,629629886,940,,
2017-09-25_2377,2017-09-25,2377,微星,twse,64.10,64.10,61.80,62.30,4099266,256058589,-1.8,,844856199,2386,,
2017-09-25_2379,2017-09-25,2379,瑞昱,twse,106.00,106.00,103.00,104.00,1455604,151397712,-2.5,,504951298,1058,,
2017-09-25_2380,2017-09-25,2380,虹光,twse,7.00,7.05,6.75,6.76,378204,2592989,-0.17,,208220850,116,,
2017-09-25_2382,2017-09-25,2382,廣達,twse,70.20,70.50,68.20,68.50,8456160,581873453,-2.3,,3862627432,5557,,
2017-09-25_2383,2017-09-25,2383,台光電,twse,142.00,142.00,137.50,137.50,2203131,305354004,-4.0,,319066140,1357,,
2017-09-25_2385,2017-09-25,2385,群光,twse,74.30,74.30,73.20,73.60,966656,71163975,-0.7,,720605112,759,,
2017-09-25_2388,2017-09-25,2388,威盛,twse,13.40,13.40,12.15,12.80,13069095,168428479,-0.65,,493303441,3923,,
2017-09-25_2390,2017-09-25,2390,云辰,twse,12.45,12.65,12.20,12.30,263815,3258073,-0.1,,214021602,148,,
2017-09-25_2392,2017-09-25,2392,正崴,twse,40.00,40.10,39.45,39.50,678856,26919777,-0.5,,512326940,486,,
2017-09-25_2393,2017-09-25,2393,億光,twse,48.00,48.00,46.60,46.70,2106904,99090595,-0.6,,439941836,1268,,
2017-09-25_2395,2017-09-25,2395,研華,twse,215.00,216.00,213.00,215.50,428606,92010290,0.5,,696611510,436,,
2017-09-25_2397,2017-09-25,2397,友通,twse,63.80,63.90,63.70,63.90,422362,26945193,0.1,,114839857,227,,
2017-09-25_2399,2017-09-25,2399,映泰,twse,14.00,14.05,13.60,13.75,943601,13014212,-0.25,,178100000,310,,
2017-09-25_2401,2017-09-25,2401,凌陽,twse,16.95,17.00,16.10,16.30,8303353,136383248,-0.6,,591994919,2749,,
2017-09-25_2402,2017-09-25,2402,毅嘉,twse,19.50,19.55,18.55,18.70,1689201,31875378,-0.7,,335650533,791,,
2017-09-25_2404,2017-09-25,2404,漢唐,twse,53.60,54.00,53.00,53.80,971057,52021068,0.3,,238233373,760,,
2017-09-25_2405,2017-09-25,2405,輔信,twse,11.20,11.30,10.55,10.95,11854012,130008888,-0.15,,345427303,2575,,
2017-09-25_2406,2017-09-25,2406,國碩,twse,18.50,19.45,18.40,18.55,13804538,260689673,0.35,,339059010,4704,,
2017-09-25_2408,2017-09-25,2408,南亞科,twse,85.00,85.40,83.10,84.00,27173164,2290976670,0.0,,2748565810,11324,,
2017-09-25_2409,2017-09-25,2409,友達,twse,12.50,12.55,12.30,12.30,54066776,668057663,-0.15,,9624245115,8039,,
2017-09-25_2412,2017-09-25,2412,中華電,twse,103.50,103.50,102.50,103.00,6036855,622305440,-0.5,,7757446545,2943,,
2017-09-25_2413,2017-09-25,2413,環科,twse,22.60,22.95,21.70,22.35,1569767,34987025,-0.35,,127359200,656,,
2017-09-25_2414,2017-09-25,2414,精技,twse,19.80,19.90,18.95,19.20,354837,6875216,-0.6,,161735846,214,,
2017-09-25_2415,2017-09-25,2415,錩新,twse,32.05,32.20,30.50,30.50,648512,20088416,-1.3,,80000000,493,,
2017-09-25_2417,2017-09-25,2417,圓剛,twse,12.50,13.00,12.15,13.00,5333904,67377658,0.5,,192892330,1335,,
2017-09-25_2419,2017-09-25,2419,仲琦,twse,22.05,22.10,21.05,21.25,3893355,83144125,-0.8,,229730644,1536,,
2017-09-25_2420,2017-09-25,2420,新巨,twse,34.55,34.55,34.05,34.10,302092,10337609,-0.45,,152648688,202,,
2017-09-25_2421,2017-09-25,2421,建準,twse,53.80,54.10,51.30,51.70,1926972,100677041,-1.8,,250929732,1310,,
2017-09-25_2423,2017-09-25,2423,固緯,twse,25.55,25.55,24.70,24.80,238856,5965439,-0.75,,145047289,148,,
2017-09-25_2424,2017-09-25,2424,隴華,twse,26.60,26.60,26.50,26.50,2000,53100,-1.5,,30000000,2,,
2017-09-25_2425,2017-09-25,2425,承啟,twse,17.25,17.40,16.95,17.05,184894,3170903,-0.15,,109248831,93,,
2017-09-25_2426,2017-09-25,2426,鼎元,twse,13.75,13.80,13.30,13.30,2857452,38424260,-0.35,,293710472,968,,
2017-09-25_2427,2017-09-25,2427,三商電,twse,9.10,9.12,8.83,9.00,953705,8539600,-0.1,,187314463,304,,
2017-09-25_2428,2017-09-25,2428,興勤,twse,96.60,96.60,90.10,90.70,1164905,106938960,-5.9,,128112726,937,,
2017-09-25_2429,2017-09-25,2429,銘旺科,twse,,,,,0,0,0.0,,36800000,0,無成交,
2017-09-25_2430,2017-09-25,2430,燦坤,twse,24.25,24.45,24.00,24.15,85431,2062384,-0.35,,167463073,58,,
2017-09-25_2431,2017-09-25,2431,聯昌,twse,18.50,18.95,17.70,18.80,4548111,83776586,0.4,,110927014,2103,,
2017-09-25_2433,2017-09-25,2433,互盛電,twse,41.80,41.90,41.60,41.65,31100,1298350,-0.55,,144496011,27,,
2017-09-25_2436,2017-09-25,2436,偉詮電,twse,27.45,27.60,26.55,26.70,1703624,45845902,-0.75,,222600000,844,,
2017-09-25_2438,2017-09-25,2438,翔耀,twse,7.90,7.90,7.85,7.85,15747,124350,-0.05,,95215940,6,,
2017-09-25_2439,2017-09-25,2439,美律,twse,206.00,206.00,191.50,195.00,10242554,2033642298,-8.0,,194844309,7016,,
2017-09-25_2440,2017-09-25,2440,太空梭,twse,10.35,10.35,10.20,10.20,5609,57711,-0.15,,139117271,6,,
2017-09-25_2441,2017-09-25,2441,超豐,twse,49.75,50.00,49.30,49.50,851757,42196330,0.0,,568845921,530,,
2017-09-25_2442,2017-09-25,2442,新美齊,twse,7.84,7.84,7.46,7.47,1013794,7694166,-0.32,,239280876,285,,
2017-09-25_2443,2017-09-25,2443,昶虹,twse,6.76,6.82,6.51,6.53,142000,944859,-0.23,,145687000,60,,
2017-09-25_2444,2017-09-25,2444,兆勁,twse,32.45,33.10,32.15,32.65,3982579,129742301,0.4,,85437518,1302,,
2017-09-25_2448,2017-09-25,2448,晶電,twse,39.45,39.45,37.80,38.55,44900572,1727666210,-1.0,,1091549190,15119,,
2017-09-25_2449,2017-09-25,2449,京元電子,twse,30.50,30.65,29.90,30.20,4564242,137972310,-0.15,,1173709921,2352,,
2017-09-25_2450,2017-09-25,2450,神腦,twse,51.90,52.00,51.60,51.90,46144,2385559,-0.1,,258252657,34,,
2017-09-25_2451,2017-09-25,2451,創見,twse,88.10,88.10,86.20,86.60,690297,60119639,-1.5,,430761675,511,,
2017-09-25_2453,2017-09-25,2453,凌群,twse,13.40,13.40,13.10,13.15,318036,4194725,-0.3,,100000000,144,,
2017-09-25_2454,2017-09-25,2454,聯發科,twse,286.00,290.00,281.00,285.50,4729144,1350910487,-0.5,,1581879704,3353,,
2017-09-25_2455,2017-09-25,2455,全新,twse,57.10,57.30,53.40,55.00,2781456,153380336,-1.9,,184905918,1521,,
2017-09-25_2456,2017-09-25,2456,奇力新,twse,85.40,85.40,83.30,84.00,3057963,257756392,-1.5,,197959105,1658,,
2017-09-25_2457,2017-09-25,2457,飛宏,twse,13.15,13.20,12.50,12.55,3057210,38709532,-0.55,,337688416,1154,,
2017-09-25_2458,2017-09-25,2458,義隆,twse,43.40,43.40,42.50,42.80,2078488,89053831,-0.05,,416361056,1058,,
2017-09-25_2459,2017-09-25,2459,敦吉,twse,40.30,40.30,39.85,40.00,241122,9635630,-0.65,,107300615,168,,
2017-09-25_2460,2017-09-25,2460,建通,twse,11.80,11.80,11.50,11.70,177000,2043500,0.0,,169200000,74,,
2017-09-25_2461,2017-09-25,2461,光群雷,twse,15.60,15.60,15.30,15.60,716177,11082292,0.0,,133882523,212,,
2017-09-25_2462,2017-09-25,2462,良得電,twse,28.00,28.05,27.70,27.90,574141,15958048,-0.35,,142484596,252,,
2017-09-25_2464,2017-09-25,2464,盟立,twse,43.90,44.00,42.45,42.75,2437264,104318879,-0.85,,195531226,1287,,
2017-09-25_2465,2017-09-25,2465,麗臺,twse,8.05,8.05,7.60,7.75,1150568,9000434,-0.31,,107174602,380,,
2017-09-25_2466,2017-09-25,2466,冠西電,twse,38.10,38.10,38.00,38.00,88000,3345000,-0.1,,156307345,48,,
2017-09-25_2467,2017-09-25,2467,志聖,twse,28.00,28.00,25.25,26.20,3253901,85410429,-1.85,,158744548,1637,,
2017-09-25_2468,2017-09-25,2468,華經,twse,11.55,11.55,11.15,11.15,112272,1265910,-0.4,,69961249,53,,
2017-09-25_2471,2017-09-25,2471,資通,twse,15.50,15.70,15.05,15.20,120001,1832315,-0.4,,47253890,72,,
2017-09-25_2472,2017-09-25,2472,立隆電,twse,47.80,47.80,43.55,43.60,3861895,174090566,-4.35,,131194822,2198,,
2017-09-25_2474,2017-09-25,2474,可成,twse,303.00,303.00,286.00,286.50,13186408,3843887746,-13.5,,770391069,8192,,
2017-09-25_2475,2017-09-25,2475,華映,twse,3.05,3.06,3.05,3.06,41878723,128044211,0.27,,6479454177,1858,,
2017-09-25_2476,2017-09-25,2476,鉅祥,twse,25.55,25.55,25.05,25.10,276568,6983750,-0.45,,182376298,222,,
2017-09-25_2478,2017-09-25,2478,大毅,twse,24.85,25.05,24.20,24.70,419560,10316824,-0.15,,187859190,154,,
2017-09-25_2480,2017-09-25,2480,敦陽科,twse,35.45,35.45,34.80,35.05,239694,8406865,-0.4,,106360291,179,,
2017-09-25_2481,2017-09-25,2481,強茂,twse,22.55,22.65,21.55,21.55,3064875,67054649,-1.1,,369794363,1152,,
2017-09-25_2482,2017-09-25,2482,連宇,twse,12.70,12.75,12.55,12.75,199055,2516048,-0.05,,62072549,72,,
2017-09-25_2483,2017-09-25,2483,百容,twse,21.20,21.90,21.05,21.35,1587050,34047362,0.45,,110618807,658,,
2017-09-25_2484,2017-09-25,2484,希華,twse,19.80,19.80,19.05,19.05,1171467,22621373,-0.75,,159421022,560,,
2017-09-25_2485,2017-09-25,2485,兆赫,twse,28.05,28.20,27.30,27.45,1524629,42042809,-0.6,,317689037,813,,
2017-09-25_2486,2017-09-25,2486,一詮,twse,11.10,11.15,10.55,10.80,2801201,30306639,-0.25,,205254579,718,,
2017-09-25_2488,2017-09-25,2488,漢平,twse,34.25,34.25,32.10,32.40,744999,24226716,-1.85,,79999433,412,,
2017-09-25_2489,2017-09-25,2489,瑞軒,twse,16.60,16.65,16.10,16.15,4947065,80420239,-0.4,,834362046,2118,,
2017-09-25_2491,2017-09-25,2491,吉祥全,twse,7.60,7.60,7.25,7.48,43672,323903,-0.06,,77008000,29,,
2017-09-25_2492,2017-09-25,2492,華新科,twse,76.00,76.00,70.80,70.80,7395202,529577436,-7.8,,485800000,4026,,
2017-09-25_2493,2017-09-25,2493,揚博,twse,25.80,25.80,25.30,25.50,474890,12084043,-0.3,,114437390,239,,
2017-09-25_2495,2017-09-25,2495,普安,twse,14.50,14.50,14.20,14.25,510588,7309627,-0.3,,279681938,156,,
2017-09-25_2496,2017-09-25,2496,卓越,twse,207.00,207.00,187.00,194.50,149402,29190086,-10.5,,16548000,157,,
2017-09-25_2497,2017-09-25,2497,怡利電,twse,28.60,29.45,28.45,28.80,286000,8226300,0.2,,118798463,169,,
2017-09-25_2498,2017-09-25,2498,宏達電,twse,83.10,83.20,78.00,81.00,91784060,7490831363,4.8,,821527605,39425,,
2017-09-25_2499,2017-09-25,2499,東貝,twse,12.05,12.10,11.70,11.85,2243259,26538566,-0.2,,373512003,773,,
2017-09-25_2501,2017-09-25,2501,國建,twse,16.50,16.75,16.40,16.75,1033408,17129786,0.25,,1159561059,547,,
2017-09-25_2504,2017-09-25,2504,國產,twse,9.23,9.24,9.06,9.08,1544800,14055783,-0.08,,1385000335,364,,
2017-09-25_2505,2017-09-25,2505,國揚,twse,12.55,12.55,12.25,12.40,734434,9079287,-0.15,,576582479,427,,
2017-09-25_2506,2017-09-25,2506,太設,twse,10.50,10.50,10.35,10.45,27491,286629,0.0,,387000000,16,,
2017-09-25_2509,2017-09-25,2509,全坤建,twse,18.60,18.60,18.40,18.50,36801,677937,-0.1,,151752042,15,,
2017-09-25_2511,2017-09-25,2511,太子,twse,11.15,11.15,11.05,11.10,1163246,12904624,-0.05,,1623326147,517,,
2017-09-25_2514,2017-09-25,2514,龍邦,twse,14.60,14.60,14.15,14.25,398051,5692923,-0.25,,493572290,230,,
2017-09-25_2515,2017-09-25,2515,中工,twse,6.64,6.67,6.51,6.52,7551486,49571384,-0.1,,1530899822,1095,,
2017-09-25_2516,2017-09-25,2516,新建,twse,6.30,6.31,6.24,6.25,521256,3264418,-0.05,,226278457,107,,
2017-09-25_2520,2017-09-25,2520,冠德,twse,17.60,17.60,17.25,17.45,3147416,54841107,-0.35,,503791000,1003,,
2017-09-25_2524,2017-09-25,2524,京城,twse,23.10,23.25,22.95,23.10,244258,5635946,-0.1,,384270732,68,,
2017-09-25_2527,2017-09-25,2527,宏璟,twse,19.20,19.20,19.00,19.15,232100,4437065,-0.05,,270306000,98,,
2017-09-25_2528,2017-09-25,2528,皇普,twse,23.50,25.10,23.15,25.00,3124468,76511400,2.15,,137085409,1501,,
2017-09-25_2530,2017-09-25,2530,華建,twse,13.85,13.85,13.50,13.65,211869,2881495,-0.2,,270752466,99,,
2017-09-25_2534,2017-09-25,2534,宏盛,twse,22.60,22.70,22.05,22.35,2017801,45049041,-0.15,,589091032,807,,
2017-09-25_2535,2017-09-25,2535,達欣工,twse,17.25,17.30,17.05,17.20,404089,6949829,-0.05,,231751026,184,,
2017-09-25_2536,2017-09-25,2536,宏普,twse,21.00,21.05,20.70,20.80,236758,4927388,-0.2,,332808652,111,,
2017-09-25_2537,2017-09-25,2537,聯上發,twse,8.50,8.50,8.43,8.46,508278,4298739,-0.04,,300557795,142,,
2017-09-25_2538,2017-09-25,2538,基泰,twse,10.05,10.20,9.95,10.05,924242,9259613,-0.15,,438448764,279,,
2017-09-25_2539,2017-09-25,2539,櫻花建,twse,27.50,27.50,27.30,27.40,84400,2309500,-0.05,,378002601,37,,
2017-09-25_2540,2017-09-25,2540,愛山林,twse,23.15,23.15,23.05,23.10,14247,329095,-0.1,,146600000,8,,
2017-09-25_2542,2017-09-25,2542,興富發,twse,42.20,42.25,41.00,41.15,4601345,190242482,-1.15,,1166626643,2280,,
2017-09-25_2543,2017-09-25,2543,皇昌,twse,8.79,8.79,8.50,8.51,23001,196068,-0.08,,241983788,13,,
2017-09-25_2545,2017-09-25,2545,皇翔,twse,28.55,28.55,27.80,28.15,920199,25821361,-0.55,,327734808,494,,
2017-09-25_2546,2017-09-25,2546,根基,twse,17.35,17.35,17.25,17.35,108002,1870234,0.0,,106035660,48,,
2017-09-25_2547,2017-09-25,2547,日勝生,twse,13.35,13.35,12.85,13.00,1237263,16121119,-0.3,,894419263,474,,
2017-09-25_2548,2017-09-25,2548,華固,twse,65.90,66.20,64.70,64.80,1079609,70474961,-1.1,,276812726,711,,
2017-09-25_2596,2017-09-25,2596,綠意,tpex,17.45,17.45,17.10,17.10,57000,979400,-0.10,,97381229,35,,
2017-09-25_2597,2017-09-25,2597,潤弘,twse,38.00,38.10,38.00,38.05,51099,1943821,0.05,,135000000,42,,
2017-09-25_2601,2017-09-25,2601,益航,twse,8.85,8.87,7.94,7.94,16089458,131843610,-0.88,,630883150,3637,,
2017-09-25_2603,2017-09-25,2603,長榮,twse,18.70,18.80,17.80,17.90,34077844,615490792,-0.8,,3512355986,6593,,
2017-09-25_2605,2017-09-25,2605,新興,twse,23.50,23.55,22.70,22.90,1166444,26793962,-0.25,,568304171,687,,
2017-09-25_2606,2017-09-25,2606,裕民,twse,37.60,37.85,36.90,37.20,2675756,99690982,0.05,,845055712,1548,,
2017-09-25_2607,2017-09-25,2607,榮運,twse,13.90,13.95,13.65,13.80,1550104,21361229,-0.1,,1067141094,367,,
2017-09-25_2608,2017-09-25,2608,嘉里大榮,twse,37.00,37.00,36.25,36.25,346934,12611750,-0.6,,467000498,226,,
2017-09-25_2609,2017-09-25,2609,陽明,twse,14.10,14.15,12.95,13.05,26889611,356439926,-1.25,,1565271349,7856,,
2017-09-25_2610,2017-09-25,2610,華航,twse,11.75,11.85,11.10,11.70,44488438,504844533,0.1,,5470890149,7344,,
2017-09-25_2611,2017-09-25,2611,志信,twse,7.14,7.15,7.00,7.07,64362,453434,0.03,,177994247,33,,
2017-09-25_2612,2017-09-25,2612,中航,twse,29.85,29.85,29.15,29.20,550930,16179697,-0.3,,197484593,236,,
2017-09-25_2613,2017-09-25,2613,中櫃,twse,13.35,13.45,13.20,13.35,179128,2382602,0.0,,123423458,112,,
2017-09-25_2614,2017-09-25,2614,東森,twse,9.17,9.17,8.92,9.02,1345228,12139962,-0.15,,695987361,425,,
2017-09-25_2615,2017-09-25,2615,萬海,twse,18.70,18.70,18.20,18.55,4368562,80728545,-0.15,,2218297466,1507,,
2017-09-25_2616,2017-09-25,2616,山隆,twse,32.45,32.45,32.00,32.25,213872,6894761,-0.1,,128037988,169,,
2017-09-25_2617,2017-09-25,2617,台航,twse,16.05,16.10,15.40,15.45,2178622,34215653,-0.45,,417294487,653,,
2017-09-25_2618,2017-09-25,2618,長榮航,twse,15.15,15.20,14.75,14.85,6989664,103830313,-0.25,,4173449024,1866,,
2017-09-25_2633,2017-09-25,2633,台灣高鐵,twse,25.00,25.05,24.20,24.55,6659954,163882909,-0.45,,5628293058,2697,,
2017-09-25_2634,2017-09-25,2634,漢翔,twse,33.75,33.95,33.65,33.80,1397657,47243738,0.05,,941867101,666,,
2017-09-25_2636,2017-09-25,2636,台驊控股,twse,26.10,26.25,25.50,25.90,1482291,38281553,-0.2,,118565402,748,,
2017-09-25_2637,2017-09-25,2637,慧洋-KY,twse,28.45,28.50,28.20,28.20,655927,18565029,-0.3,,584707566,323,,
2017-09-25_2640,2017-09-25,2640,大車隊,tpex,78.10,78.20,74.80,75.80,277000,21033800,-2.40,,48757426,202,,
2017-09-25_2641,2017-09-25,2641,正德,tpex,7.62,7.62,7.50,7.51,336000,2529540,-0.11,,185011535,102,,
2017-09-25_2642,2017-09-25,2642,宅配通,twse,32.00,32.00,30.65,30.75,734000,22729300,-1.3,,95467000,424,,
2017-09-25_2643,2017-09-25,2643,捷迅,tpex,34.00,34.50,33.00,34.50,11000,373050,0.10,,26230000,11,,
2017-09-25_2701,2017-09-25,2701,萬企,twse,13.15,13.15,13.10,13.10,38517,504919,-0.05,,438778975,23,,
2017-09-25_2702,2017-09-25,2702,華園,twse,14.40,14.40,14.20,14.20,57994,827264,-0.2,,102301424,30,,
2017-09-25_2704,2017-09-25,2704,國賓,twse,23.65,23.70,23.35,23.40,75227,1768199,-0.15,,366923343,71,,
2017-09-25_2705,2017-09-25,2705,六福,twse,8.04,8.04,7.97,7.99,527594,4217592,-0.05,,339157508,135,,
2017-09-25_2706,2017-09-25,2706,第一店,twse,15.65,15.65,15.50,15.65,107786,1679411,0.1,,486521695,62,,
2017-09-25_2707,2017-09-25,2707,晶華,twse,154.00,154.50,153.50,154.00,128030,19699120,0.0,,126745769,113,,
2017-09-25_2712,2017-09-25,2712,遠雄來,twse,24.40,24.95,24.40,24.95,4000,98700,-0.05,,105000000,2,,
2017-09-25_2718,2017-09-25,2718,晶悅,tpex,,,,,0,0,,,22576000,0,無成交,
2017-09-25_2719,2017-09-25,2719,燦星旅,tpex,10.25,10.25,10.10,10.10,21000,213700,-0.15,,36292000,7,,
2017-09-25_2722,2017-09-25,2722,夏都,twse,34.45,34.70,34.40,34.70,11007,380792,-0.15,,107233616,10,,
2017-09-25_2723,2017-09-25,2723,美食-KY,twse,330.00,335.00,327.50,330.00,171156,56723556,0.5,,162993600,161,,
2017-09-25_2726,2017-09-25,2726,雅茗-KY,tpex,105.50,105.50,101.00,103.00,252000,25812500,-1.00,,31071901,216,,
2017-09-25_2727,2017-09-25,2727,王品,twse,158.50,160.00,156.00,157.00,303295,47719050,-1.0,,76987883,271,,
2017-09-25_2729,2017-09-25,2729,瓦城,tpex,228.50,228.50,225.00,225.50,14000,3171500,-3.00,,23266000,12,,
2017-09-25_2731,2017-09-25,2731,雄獅,twse,94.20,94.20,92.10,92.50,141010,13047436,-1.7,,70000000,128,,
2017-09-25_2732,2017-09-25,2732,六角,tpex,83.90,83.90,81.20,82.00,35000,2881200,-1.50,,33820797,32,,
2017-09-25_2734,2017-09-25,2734,易飛網,tpex,23.60,24.10,23.60,24.10,149000,3548950,-0.50,,30259760,101,,
2017-09-25_2736,2017-09-25,2736,高野,tpex,17.55,17.80,17.55,17.80,13000,228900,0.30,,48992383,6,,
2017-09-25_2739,2017-09-25,2739,寒舍,twse,37.15,37.15,36.60,37.00,74000,2734400,0.05,,111526000,40,,
2017-09-25_2740,2017-09-25,2740,天蔥,tpex,27.00,27.00,25.80,26.50,50000,1308700,-0.50,,15978196,37,,
2017-09-25_2748,2017-09-25,2748,雲品,twse,70.50,73.50,70.50,73.50,1075323,77947912,3.5,,65637000,761,,
2017-09-25_2801,2017-09-25,2801,彰銀,twse,16.40,16.40,16.25,16.35,4200988,68529945,0.0,,9413000718,1252,,
2017-09-25_2809,2017-09-25,2809,京城銀,twse,31.80,31.80,31.55,31.60,981740,31082480,-0.2,,1151234265,591,,
2017-09-25_2812,2017-09-25,2812,台中銀,twse,9.57,9.59,9.55,9.55,4034976,38587234,-0.02,,3293178983,2087,,
2017-09-25_2816,2017-09-25,2816,旺旺保,twse,15.85,15.85,15.60,15.60,255942,4016250,-0.25,,212960000,112,,
2017-09-25_2820,2017-09-25,2820,華票,twse,14.80,14.80,14.70,14.75,2504968,36880819,-0.05,,1342960000,390,,
2017-09-25_2823,2017-09-25,2823,中壽,twse,29.10,29.15,28.60,28.60,24299754,697334851,-0.55,,3473760000,4837,,
2017-09-25_2832,2017-09-25,2832,台產,twse,20.05,20.05,19.75,19.80,501424,9956199,-0.25,,362200400,248,,
2017-09-25_2834,2017-09-25,2834,臺企銀,twse,8.32,8.33,8.27,8.28,9061583,75121633,-0.04,,6147961724,1378,,
2017-09-25_2836,2017-09-25,2836,高雄銀,twse,9.40,9.40,9.34,9.35,384628,3600685,-0.05,,1003223825,123,,
2017-09-25_2838,2017-09-25,2838,聯邦銀,twse,8.96,8.96,8.92,8.93,384990,3443067,-0.02,,2605152427,186,,
2017-09-25_2841,2017-09-25,2841,台開,twse,10.45,10.45,10.20,10.30,2283721,23525144,-0.15,,760884077,563,,
2017-09-25_2845,2017-09-25,2845,遠東銀,twse,9.40,9.42,9.33,9.37,2638553,24735403,-0.03,,3182928614,1662,,
2017-09-25_2849,2017-09-25,2849,安泰銀,twse,12.60,12.60,12.50,12.50,90200,1131270,-0.05,,1957910050,46,,
2017-09-25_2850,2017-09-25,2850,新產,twse,26.30,26.30,25.90,26.00,204576,5332359,-0.3,,315963300,138,,
2017-09-25_2851,2017-09-25,2851,中再保,twse,15.40,15.40,15.25,15.25,176042,2693839,-0.15,,562275000,61,,
2017-09-25_2852,2017-09-25,2852,第一保,twse,13.30,13.30,13.15,13.15,183031,2411909,-0.15,,301163784,60,,
2017-09-25_2855,2017-09-25,2855,統一證,twse,14.60,14.60,14.25,14.25,1927107,27757056,-0.4,,1390428028,502,,
2017-09-25_2856,2017-09-25,2856,元富證,twse,8.46,8.47,8.36,8.38,1525474,12818199,-0.07,,1599609856,323,,
2017-09-25_2867,2017-09-25,2867,三商壽,twse,15.35,15.35,15.00,15.10,3972540,60106051,-0.25,,1767087320,1281,,
2017-09-25_2880,2017-09-25,2880,華南金,twse,16.45,16.50,16.40,16.45,7345014,120794899,-0.05,,11046519863,2144,,
2017-09-25_2881,2017-09-25,2881,富邦金,twse,46.80,46.80,46.40,46.55,14747199,686054716,-0.2,,10233603995,3535,,
2017-09-25_2881A,2017-09-25,2881A,富邦特,twse,62.50,62.50,62.40,62.50,900200,54511700,0.0,,600000000,38,,
2017-09-25_2882,2017-09-25,2882,國泰金,twse,48.60,48.60,48.05,48.25,8890846,428817244,-0.05,,12563210128,4938,,
2017-09-25_2882A,2017-09-25,2882A,國泰特,twse,61.90,61.90,61.80,61.90,318416,19687806,-0.1,,833300000,102,,
2017-09-25_2883,2017-09-25,2883,凱基金,twse,9.34,9.34,9.09,9.12,30614931,281160333,-0.22,,14975742826,6290,,
2017-09-25_2884,2017-09-25,2884,玉山金,twse,18.25,18.25,18.10,18.10,20895511,379370504,-0.15,,10185500000,5369,,
2017-09-25_2885,2017-09-25,2885,元大金,twse,13.20,13.20,13.00,13.10,14449495,189049670,-0.1,,12098647753,2645,,
2017-09-25_2886,2017-09-25,2886,兆豐金,twse,23.65,23.70,23.55,23.60,7905556,186625146,-0.05,,13599823983,3643,,
2017-09-25_2887,2017-09-25,2887,台新新光金,twse,13.15,13.25,13.10,13.10,14413817,189326950,-0.05,,10272576698,2616,,
2017-09-25_2887E,2017-09-25,2887E,台新新光戊特一,twse,52.30,52.40,52.20,52.30,83168,4346836,0.1,,500000000,43,,
2017-09-25_2888,2017-09-25,2888,新光金,twse,9.28,9.31,9.07,9.10,51880633,475080686,-0.16,,10228144081,9573,,
2017-09-25_2889,2017-09-25,2889,國票金,twse,9.11,9.11,9.05,9.07,1815936,16473917,-0.04,,2786665944,474,,
2017-09-25_2890,2017-09-25,2890,永豐金,twse,9.11,9.12,9.09,9.11,26465719,240963713,0.0,,10686379753,2975,,
2017-09-25_2891,2017-09-25,2891,中信金,twse,19.15,19.15,18.95,18.95,30776104,585232126,-0.2,,19496989569,10871,,
2017-09-25_2892,2017-09-25,2892,第一金,twse,19.40,19.40,19.20,19.25,16265826,313808726,-0.15,,12216393291,5766,,
2017-09-25_2897,2017-09-25,2897,王道銀行,twse,8.82,8.83,8.78,8.80,600764,5286166,-0.01,,2413006301,238,,
2017-09-25_2901,2017-09-25,2901,欣欣,twse,27.50,27.50,26.85,27.25,13893,377815,0.25,,73043283,10,,
2017-09-25_2903,2017-09-25,2903,遠百,twse,15.20,15.20,14.95,15.00,1892750,28428996,-0.2,,1416940589,849,,
2017-09-25_2904,2017-09-25,2904,匯僑,twse,20.00,20.00,19.90,19.95,31080,620650,-0.05,,69034432,23,,
2017-09-25_2905,2017-09-25,2905,三商,twse,22.70,22.70,22.20,22.30,1046180,23389175,-0.45,,765467749,613,,
2017-09-25_2906,2017-09-25,2906,高林,twse,11.25,11.30,11.15,11.20,224674,2525463,-0.1,,211981678,49,,
2017-09-25_2908,2017-09-25,2908,特力,twse,22.85,22.85,22.20,22.35,791673,17805936,-0.45,,509887558,352,,
2017-09-25_2910,2017-09-25,2910,統領,twse,,,,,0,0,0.0,,208725000,0,無成交,
2017-09-25_2911,2017-09-25,2911,麗嬰房,twse,12.10,13.05,12.00,12.70,4992961,63067081,0.75,,204324775,2126,,
2017-09-25_2912,2017-09-25,2912,統一超,twse,250.50,250.50,248.50,249.50,584165,145563250,-2.0,,1039622255,500,,
2017-09-25_2913,2017-09-25,2913,農林,twse,16.05,16.10,15.80,15.90,1370941,21791157,-0.15,,770000000,416,,
2017-09-25_2915,2017-09-25,2915,潤泰全,twse,46.15,46.15,44.95,45.40,3665915,166053244,-0.75,,941434323,1698,,
2017-09-25_2916,2017-09-25,2916,滿心,tpex,,,,,0,0,,,54626878,0,無成交,
2017-09-25_2923,2017-09-25,2923,鼎固-KY,twse,18.60,18.60,18.45,18.45,12000,221850,-0.25,,1740296982,7,,
2017-09-25_2924,2017-09-25,2924,東凌-KY,tpex,58.50,58.60,58.30,58.50,173000,10105900,0.00,,34005174,99,,
2017-09-25_2926,2017-09-25,2926,誠品生活,tpex,139.50,139.50,136.00,136.00,40000,5503000,-3.00,,47389650,32,,
2017-09-25_2928,2017-09-25,2928,紅馬-KY,tpex,86.50,86.50,82.00,82.60,117000,9704100,-1.50,,47301154,103,,
2017-09-25_2929,2017-09-25,2929,淘帝-KY,twse,106.00,106.00,103.00,103.50,482416,50131553,-1.0,,71682000,397,,
2017-09-25_2936,2017-09-25,2936,客思達-KY,twse,35.80,35.90,35.75,35.75,58155,2081780,-0.35,,76555696,32,,
2017-09-25_2937,2017-09-25,2937,集雅社,tpex,20.80,20.80,20.70,20.70,4000,83100,-0.10,,32860000,3,,
2017-09-25_3002,2017-09-25,3002,歐格,twse,13.75,13.75,13.40,13.50,170080,2296742,0.05,,102000000,72,,
2017-09-25_3003,2017-09-25,3003,健和興,twse,66.50,66.90,63.80,64.60,2724030,176896935,-1.9,,155654890,1491,,
2017-09-25_3004,2017-09-25,3004,豐達科,twse,48.20,48.20,46.10,46.50,301670,14036840,-1.85,,52647155,187,,
2017-09-25_3005,2017-09-25,3005,神基,twse,41.30,41.50,40.95,41.10,3365707,138420363,0.0,,570229150,1260,,
2017-09-25_3006,2017-09-25,3006,晶豪科,twse,42.40,42.40,40.35,40.50,5291390,216817140,-1.55,,284025175,2645,,
2017-09-25_3008,2017-09-25,3008,大立光,twse,5300.00,5475.00,5260.00,5330.00,993474,5315173790,-35.0,,134140197,1270,,
2017-09-25_3010,2017-09-25,3010,華立,twse,50.30,50.30,49.60,50.20,319829,15976813,-0.3,,231390138,190,,
2017-09-25_3011,2017-09-25,3011,今皓,twse,8.16,8.16,7.90,7.90,528571,4237300,-0.12,,112719251,202,,
2017-09-25_3013,2017-09-25,3013,晟銘電,twse,20.55,20.60,19.70,19.70,1467113,29405931,-0.75,,169935018,807,,
2017-09-25_3014,2017-09-25,3014,聯陽,twse,33.60,33.60,32.25,32.30,793453,25865629,-1.4,,161374324,517,,
2017-09-25_3015,2017-09-25,3015,全漢,twse,22.00,22.10,22.00,22.00,202999,4469078,0.0,,192261950,92,,
2017-09-25_3016,2017-09-25,3016,嘉晶,twse,25.60,26.00,25.10,25.20,5751451,146665594,-0.2,,244401315,2384,,
2017-09-25_3017,2017-09-25,3017,奇鋐,twse,27.90,27.90,27.10,27.20,3059985,83471735,-0.45,,353310157,1446,,
2017-09-25_3018,2017-09-25,3018,隆銘綠能,twse,88.50,88.70,79.20,80.00,4515062,369311918,-7.9,,63371937,2828,,
2017-09-25_3019,2017-09-25,3019,亞光,twse,118.00,118.00,107.50,111.50,25962566,2923774392,-7.0,,281083901,15409,,
2017-09-25_3021,2017-09-25,3021,鴻名,twse,19.50,19.50,17.55,17.85,2204070,40741941,-1.65,,95813467,1094,,
2017-09-25_3022,2017-09-25,3022,威強電,twse,46.10,46.10,45.30,45.35,1528934,69787246,0.0,,328314425,758,,
2017-09-25_3023,2017-09-25,3023,信邦,twse,78.50,78.50,76.30,77.40,1282099,98878156,-0.8,,225416137,997,,
2017-09-25_3024,2017-09-25,3024,憶聲,twse,7.14,7.15,7.08,7.10,216020,1533338,-0.06,,277157496,108,,
2017-09-25_3025,2017-09-25,3025,星通,twse,19.70,19.70,18.80,19.25,624111,12027720,-0.45,,70920550,243,,
2017-09-25_3026,2017-09-25,3026,禾伸堂,twse,41.10,41.10,39.70,39.90,1335503,53636943,-1.35,,224215398,759,,
2017-09-25_3027,2017-09-25,3027,盛達,twse,11.55,11.55,11.10,11.15,322791,3633405,-0.3,,99095311,152,,
2017-09-25_3028,2017-09-25,3028,增你強,twse,18.40,18.40,18.05,18.20,383099,6971348,-0.2,,213824864,161,,
2017-09-25_3029,2017-09-25,3029,零壹,twse,19.55,19.60,18.80,18.85,1844575,35074983,-0.7,,122241978,825,,
2017-09-25_3030,2017-09-25,3030,德律,twse,41.35,41.50,40.55,41.20,988500,40499050,-0.15,,236216000,753,,
2017-09-25_3031,2017-09-25,3031,佰鴻,twse,16.90,17.00,16.00,16.25,1477220,24185768,-0.65,,186674224,724,,
2017-09-25_3032,2017-09-25,3032,偉訓,twse,42.75,42.75,41.10,42.15,216001,8983342,-0.2,,113285626,158,,
2017-09-25_3033,2017-09-25,3033,威健,twse,16.80,16.80,16.65,16.70,379879,6341088,-0.1,,323009430,197,,
2017-09-25_3034,2017-09-25,3034,聯詠,twse,113.00,113.00,109.00,111.50,2450172,271693670,-1.5,,608511469,1772,,
2017-09-25_3035,2017-09-25,3035,智原,twse,43.30,43.30,41.65,42.10,2320807,97968664,-1.2,,248550313,1357,,
2017-09-25_3036,2017-09-25,3036,文曄,twse,47.65,47.70,46.70,46.70,2410524,113360306,-0.95,,475741787,1156,,
2017-09-25_3037,2017-09-25,3037,欣興,twse,17.70,17.70,16.50,16.75,12878164,219356956,-0.9,,1529124833,3631,,
2017-09-25_3038,2017-09-25,3038,全台,twse,10.00,10.00,9.71,9.72,746504,7302681,-0.23,,183407603,252,,
2017-09-25_3040,2017-09-25,3040,遠見,twse,38.80,38.95,38.45,38.45,227291,8790784,-0.35,,63000000,132,,
2017-09-25_3041,2017-09-25,3041,揚智,twse,19.90,19.95,19.00,19.00,3647364,70463273,-0.8,,302591071,1461,,
2017-09-25_3042,2017-09-25,3042,晶技,twse,40.10,40.15,39.40,39.45,1588139,62848278,-0.65,,309757040,1033,,
2017-09-25_3043,2017-09-25,3043,科風,twse,2.68,2.83,2.65,2.81,612958,1691761,0.1,,194878166,108,,
2017-09-25_3044,2017-09-25,3044,健鼎,twse,102.50,103.00,100.00,101.50,2652695,269370195,-2.0,,525605898,1165,,
2017-09-25_3045,2017-09-25,3045,台灣大,twse,107.00,107.50,106.50,107.00,2271988,242566716,0.0,,3420832827,1287,,
2017-09-25_3046,2017-09-25,3046,建碁,twse,4.29,4.47,4.29,4.30,48201,209892,0.01,,116493377,30,,
2017-09-25_3047,2017-09-25,3047,訊舟,twse,10.35,10.40,10.15,10.15,625590,6391145,-0.2,,199935473,211,,
2017-09-25_3048,2017-09-25,3048,益登,twse,16.15,16.15,15.65,15.75,517556,8170252,-0.3,,222572540,245,,
2017-09-25_3049,2017-09-25,3049,精金,twse,10.90,11.00,10.25,10.45,5901975,62058930,-0.4,,736948529,1568,,
2017-09-25_3050,2017-09-25,3050,鈺德,twse,11.35,11.40,10.75,10.80,828556,9060831,-0.55,,152067136,458,,
2017-09-25_3051,2017-09-25,3051,力特,twse,4.32,4.32,4.20,4.29,915372,3877004,-0.01,,325332396,250,,
2017-09-25_3052,2017-09-25,3052,夆典,twse,8.53,8.56,8.50,8.52,105332,896200,-0.04,,233004554,32,,
2017-09-25_3054,2017-09-25,3054,立萬利,twse,21.00,21.00,19.90,20.55,210002,4292040,0.55,,121075263,99,,
2017-09-25_3055,2017-09-25,3055,蔚華科,twse,20.95,20.95,20.10,20.60,387646,7990090,-0.35,,103484924,208,,
2017-09-25_3056,2017-09-25,3056,富華新,twse,18.30,18.30,18.00,18.05,1433340,25947300,-0.2,,230484653,475,,
2017-09-25_3057,2017-09-25,3057,喬鼎,twse,12.85,12.85,12.40,12.55,448989,5650311,-0.25,,162305213,229,,
2017-09-25_3058,2017-09-25,3058,立德,twse,10.00,10.00,9.90,9.92,220769,2196361,-0.07,,171519351,83,,
2017-09-25_3059,2017-09-25,3059,華晶科,twse,30.30,30.30,28.60,29.00,7059893,206122547,-1.25,,273738825,3829,,
2017-09-25_3060,2017-09-25,3060,銘異,twse,29.25,29.25,27.90,28.00,873141,24582086,-0.9,,174201987,552,,
2017-09-25_3062,2017-09-25,3062,建漢,twse,19.15,19.15,18.60,18.65,791969,14899512,-0.5,,328751418,392,,
2017-09-25_3064,2017-09-25,3064,泰偉,tpex,15.30,15.50,14.55,15.30,52000,790500,-0.05,,72105141,20,,
2017-09-25_3066,2017-09-25,3066,李洲,tpex,,,,,0,0,,,83070612,0,無成交,
2017-09-25_3067,2017-09-25,3067,全域,tpex,12.80,13.15,12.55,12.85,13000,166100,-0.15,,29025240,10,,
2017-09-25_3068,2017-09-25,3068,美磊,tpex,63.80,64.00,61.80,63.50,1965000,123542400,-0.30,,93467444,1077,,
2017-09-25_3071,2017-09-25,3071,協禧,tpex,15.85,16.00,15.40,15.50,1543000,24257400,-0.20,,141146676,507,,
2017-09-25_3073,2017-09-25,3073,凱柏實業,tpex,10.45,10.45,9.65,10.30,256000,2625590,0.10,,46463665,97,,
2017-09-25_3078,2017-09-25,3078,僑威,tpex,32.50,32.60,31.00,31.30,4731000,149399650,-1.30,,227391064,2346,,
2017-09-25_3081,2017-09-25,3081,聯亞,tpex,411.00,411.00,393.00,397.50,982000,393616000,-6.50,,90589677,904,,
2017-09-25_3083,2017-09-25,3083,網龍,tpex,39.15,39.30,38.10,38.20,202000,7763100,-0.85,,85704358,164,,
2017-09-25_3085,2017-09-25,3085,新零售,tpex,27.50,27.50,24.80,25.90,657000,17041200,-1.35,,118081713,339,,
2017-09-25_3086,2017-09-25,3086,華義,tpex,13.15,15.60,13.15,15.60,54000,719650,1.10,,31166127,16,,
2017-09-25_3088,2017-09-25,3088,艾訊,tpex,52.10,52.10,50.70,50.90,209000,10675800,-0.80,,79031034,167,,
2017-09-25_3089,2017-09-25,3089,遠昇,tpex,6.66,7.05,6.66,7.04,15000,104500,0.04,,93890463,9,,
2017-09-25_3090,2017-09-25,3090,日電貿,twse,28.00,28.00,27.55,27.55,342678,9480896,-0.45,,166969299,200,,
2017-09-25_3092,2017-09-25,3092,鴻碩,tpex,49.30,49.60,47.25,47.35,1387000,66364250,-2.10,,69800759,897,,
2017-09-25_3093,2017-09-25,3093,港建,tpex,29.55,29.95,29.50,29.50,9000,266800,-0.30,,36288894,6,,
2017-09-25_3094,2017-09-25,3094,聯傑,twse,23.35,23.35,22.00,22.55,798440,17897152,-0.8,,83255089,441,,
2017-09-25_3095,2017-09-25,3095,及成,tpex,2.34,2.42,2.34,2.35,20000,47650,-0.03,,109276321,10,,
2017-09-25_3105,2017-09-25,3105,穩懋,tpex,189.00,190.50,182.00,189.00,4667000,874111000,2.00,,402666384,3469,,
2017-09-25_3114,2017-09-25,3114,好德,tpex,16.25,16.30,15.80,16.20,408000,6544650,-0.15,,50013691,149,,
2017-09-25_3115,2017-09-25,3115,寶島極,tpex,11.50,11.50,11.50,11.50,20000,230000,-0.20,down,43697600,5,,
2017-09-25_3118,2017-09-25,3118,進階,tpex,32.85,32.85,32.25,32.50,45000,1466500,-0.45,,32452860,33,,
2017-09-25_3122,2017-09-25,3122,笙泉,tpex,15.70,16.15,15.70,16.10,176000,2817950,0.10,,39299934,50,,
2017-09-25_3128,2017-09-25,3128,昇銳,tpex,11.45,11.50,11.30,11.40,34000,387350,-0.10,,42000000,24,,
2017-09-25_3130,2017-09-25,3130,一零四,twse,151.00,152.00,151.00,152.00,18604,2815808,1.0,,33207200,33,,
2017-09-25_3131,2017-09-25,3131,弘塑,tpex,197.00,198.00,190.00,193.00,207000,39883000,-3.50,,24683843,194,,
2017-09-25_3141,2017-09-25,3141,晶宏,tpex,36.85,36.85,35.20,36.50,4572000,165595000,0.70,,63166010,2305,,
2017-09-25_3144,2017-09-25,3144,新揚科,tpex,27.30,27.35,25.40,25.65,1089000,28269550,-1.60,,100637750,606,,
2017-09-25_3149,2017-09-25,3149,正達,twse,24.30,24.35,22.65,22.80,2418410,55996930,-1.55,,188393604,1029,,
2017-09-25_3152,2017-09-25,3152,璟德,tpex,409.00,434.00,405.00,416.00,330000,138294500,7.00,,69016200,323,,
2017-09-25_3162,2017-09-25,3162,精確,tpex,30.40,30.50,29.60,30.00,410000,12351050,0.10,,56531342,215,,
2017-09-25_3163,2017-09-25,3163,波若威,tpex,44.30,45.40,44.00,45.30,1968000,88075250,1.15,,74426481,1185,,
2017-09-25_3164,2017-09-25,3164,景岳,twse,24.00,24.00,23.35,23.45,252001,5919323,-0.4,,88911864,129,,
2017-09-25_3167,2017-09-25,3167,大量,twse,43.40,43.50,42.00,42.00,846666,35988386,-1.35,,79978579,464,,
2017-09-25_3169,2017-09-25,3169,亞信,tpex,29.40,29.40,28.50,28.70,258000,7427650,-0.55,,53090650,144,,
2017-09-25_3171,2017-09-25,3171,新洲,tpex,15.40,15.40,15.40,15.40,3000,46200,0.00,flat,59203515,3,,
2017-09-25_3176,2017-09-25,3176,基亞,tpex,45.40,45.40,44.35,44.40,261000,11636750,-0.75,,138685505,193,,
2017-09-25_3188,2017-09-25,3188,鑫龍騰,tpex,18.70,18.90,18.40,18.90,23000,430750,-0.10,,106295120,18,,
2017-09-25_3189,2017-09-25,3189,景碩,twse,75.00,75.00,69.20,71.50,8460146,601983204,-3.7,,446000000,4465,,
2017-09-25_3191,2017-09-25,3191,和進,tpex,18.75,18.75,17.80,18.05,232000,4204200,-0.55,,57194761,117,,
2017-09-25_3202,2017-09-25,3202,樺晟,tpex,25.40,25.40,23.50,23.80,4967000,120738000,-1.20,,96687192,1983,,
2017-09-25_3205,2017-09-25,3205,佰研,tpex,81.50,82.00,79.00,79.10,328000,26273900,-2.30,,32772631,222,,
2017-09-25_3206,2017-09-25,3206,志豐,tpex,25.00,25.00,24.15,24.20,407000,9928100,-0.75,,51822972,191,,
2017-09-25_3207,2017-09-25,3207,耀勝,tpex,10.00,10.10,10.00,10.00,11000,110100,-0.20,,38259225,5,,
2017-09-25_3209,2017-09-25,3209,全科,twse,22.20,22.20,21.65,21.75,347812,7592392,-0.45,,145452454,224,,
2017-09-25_3211,2017-09-25,3211,順達,tpex,40.65,40.65,39.55,39.60,498000,19848050,-1.30,,151968521,382,,
2017-09-25_3213,2017-09-25,3213,茂訊,tpex,57.90,58.60,56.30,56.70,301000,17159900,-1.20,,58685547,234,,
2017-09-25_3217,2017-09-25,3217,優群,tpex,29.50,29.50,28.10,28.70,802000,22911000,-0.65,,82104203,340,,
2017-09-25_3218,2017-09-25,3218,大學光,tpex,26.00,26.00,25.05,25.30,407000,10319450,-0.60,,76123000,221,,
2017-09-25_3221,2017-09-25,3221,台嘉碩,tpex,18.60,18.60,18.20,18.40,66000,1213350,-0.40,,96420810,44,,
2017-09-25_3224,2017-09-25,3224,三顧,tpex,37.00,37.90,36.00,37.90,160000,5881000,0.90,,44016045,114,,
2017-09-25_3226,2017-09-25,3226,至寶電,tpex,57.50,57.60,56.00,56.00,24000,1358600,-0.60,,64430573,18,,
2017-09-25_3227,2017-09-25,3227,原相,tpex,125.00,125.50,113.00,114.50,10260000,1202898000,-10.50,,132999980,6888,,
2017-09-25_3228,2017-09-25,3228,金麗科,tpex,19.55,19.70,19.50,19.50,32000,625900,-0.05,,67792705,26,,
2017-09-25_3229,2017-09-25,3229,晟鈦,twse,18.95,18.95,17.50,18.00,363001,6598868,-0.95,,93515881,210,,
2017-09-25_3230,2017-09-25,3230,錦明,tpex,6.30,6.30,6.20,6.25,57000,354390,0.00,,107746524,19,,
2017-09-25_3231,2017-09-25,3231,緯創,twse,24.45,24.45,23.80,24.00,19283517,463005915,-0.5,,2749860726,6684,,
2017-09-25_3232,2017-09-25,3232,昱捷,tpex,27.95,27.95,26.45,26.75,278000,7423600,-0.95,,31567865,133,,
2017-09-25_3234,2017-09-25,3234,光環,tpex,37.20,38.90,36.05,38.90,1855000,69643400,1.90,,72527692,1193,,
2017-09-25_3236,2017-09-25,3236,千如,tpex,41.50,41.85,40.00,40.35,4823000,196626400,-0.80,,73197759,2751,,
2017-09-25_3252,2017-09-25,3252,海灣,tpex,21.10,21.10,20.75,20.90,18000,377900,-0.25,,31445754,14,,
2017-09-25_3257,2017-09-25,3257,虹冠電,twse,60.00,60.60,58.00,59.80,603510,35787480,0.0,,69380277,472,,
2017-09-25_3259,2017-09-25,3259,鑫創,tpex,20.10,20.10,19.50,19.70,156000,3075050,-0.50,,80859553,90,,
2017-09-25_3260,2017-09-25,3260,威剛,tpex,87.30,87.40,82.60,83.00,11389000,958671300,-3.40,,229973374,6051,,
2017-09-25_3264,2017-09-25,3264,欣銓,tpex,27.10,27.15,26.15,26.20,3185000,84239350,-0.95,,485566311,1323,,
2017-09-25_3265,2017-09-25,3265,台星科,tpex,22.50,22.50,21.60,21.65,254000,5508500,-0.65,,136261659,177,,
2017-09-25_3266,2017-09-25,3266,昇陽,twse,12.20,12.20,11.60,11.65,162000,1919400,0.2,,352314309,92,,
2017-09-25_3268,2017-09-25,3268,海德威,tpex,13.25,13.25,13.25,13.25,16000,212000,-0.50,down,33426272,10,,
2017-09-25_3272,2017-09-25,3272,東碩,tpex,64.50,64.80,60.80,61.10,945000,58414800,-3.40,,52264966,597,,
2017-09-25_3276,2017-09-25,3276,宇環,tpex,15.70,15.75,15.15,15.45,309000,4758850,-0.15,,69712666,119,,
2017-09-25_3284,2017-09-25,3284,太普高,tpex,19.10,19.10,18.70,18.70,102000,1924250,-0.40,,55961790,47,,
2017-09-25_3285,2017-09-25,3285,微端,tpex,20.65,20.65,20.15,20.30,26000,528150,0.00,,44109324,20,,
2017-09-25_3287,2017-09-25,3287,廣寰科,tpex,6.80,6.82,6.65,6.82,11000,74620,-0.06,,43970483,9,,
2017-09-25_3288,2017-09-25,3288,點晶,tpex,4.40,4.40,3.98,3.98,64000,275360,-0.37,,48475148,14,,
2017-09-25_3289,2017-09-25,3289,宜特,tpex,112.00,112.00,109.00,109.00,792000,86961500,-3.00,,62988882,438,,
2017-09-25_3290,2017-09-25,3290,東浦,tpex,16.75,16.75,16.35,16.35,220000,3637050,-0.40,,99548926,71,,
2017-09-25_3293,2017-09-25,3293,鈊象,tpex,169.00,174.00,167.50,170.00,1618000,276734000,2.50,,69979390,1262,,
2017-09-25_3294,2017-09-25,3294,英濟,tpex,28.00,28.40,26.50,27.30,1644000,45108200,-0.25,,130249419,728,,
2017-09-25_3296,2017-09-25,3296,勝德,twse,21.75,22.15,21.00,21.50,4352283,94214609,0.3,,98224450,1698,,
2017-09-25_3297,2017-09-25,3297,杭特,tpex,14.65,14.65,14.50,14.55,18000,261950,-0.10,,36911645,14,,
2017-09-25_3299,2017-09-25,3299,帛漢,tpex,64.20,64.40,62.80,63.00,530000,33498600,-1.20,,60892939,362,,
2017-09-25_3303,2017-09-25,3303,岱稜,tpex,18.90,19.00,18.80,19.00,121000,2283850,0.00,,96089607,38,,
2017-09-25_3305,2017-09-25,3305,昇貿,twse,26.30,26.30,25.50,25.50,199232,5115614,-0.8,,121489271,141,,
2017-09-25_3306,2017-09-25,3306,鼎天,tpex,24.65,24.65,22.80,23.70,182000,4286450,-0.55,,50607702,114,,
2017-09-25_3308,2017-09-25,3308,聯德,twse,8.74,8.74,8.25,8.26,305000,2534750,-0.32,,99949663,100,,
2017-09-25_3310,2017-09-25,3310,佳穎,tpex,22.55,22.60,22.00,22.05,248000,5498500,-0.35,,83768782,96,,
2017-09-25_3311,2017-09-25,3311,閎暉,twse,21.20,21.25,19.60,19.90,3679801,73794220,-1.15,,189383816,1262,,
2017-09-25_3312,2017-09-25,3312,弘憶股,twse,6.04,6.09,5.95,5.97,195929,1176153,-0.11,,128500799,83,,
2017-09-25_3313,2017-09-25,3313,斐成,tpex,33.50,33.50,32.50,33.00,661000,21702750,-0.50,,83770776,258,,
2017-09-25_3317,2017-09-25,3317,尼克森,tpex,21.25,21.25,19.80,20.15,1009000,20423850,-1.25,,61251550,453,,
2017-09-25_3321,2017-09-25,3321,同泰,twse,15.60,15.60,15.10,15.10,148309,2268658,-0.4,,89000000,72,,
2017-09-25_3322,2017-09-25,3322,建舜電,tpex,9.16,9.25,8.96,9.20,261000,2379220,0.05,,86415616,120,,
2017-09-25_3323,2017-09-25,3323,加百裕,tpex,49.90,50.10,45.25,45.25,11645000,546063650,-4.25,,86799914,6644,,
2017-09-25_3324,2017-09-25,3324,雙鴻,tpex,88.60,89.00,84.30,85.50,1631000,140045100,-3.10,,80400337,1125,,
2017-09-25_3325,2017-09-25,3325,旭品,tpex,18.50,18.95,18.40,18.50,713000,13214050,-0.15,,77134579,262,,
2017-09-25_3332,2017-09-25,3332,幸康,tpex,,,,,0,0,,,48104246,0,無成交,
2017-09-25_3338,2017-09-25,3338,泰碩,twse,27.50,27.50,27.05,27.05,134000,3664400,-0.55,,69612214,75,,
2017-09-25_3339,2017-09-25,3339,泰谷,tpex,5.55,5.57,5.33,5.57,8000,44040,-0.20,,96181442,5,,
2017-09-25_3346,2017-09-25,3346,麗清,twse,87.50,87.90,78.60,80.20,2821164,231319384,-7.1,,68284000,1940,,
2017-09-25_3354,2017-09-25,3354,律勝,tpex,12.50,12.90,12.20,12.35,154000,1923100,-0.10,,70112426,72,,
2017-09-25_3356,2017-09-25,3356,奇偶,twse,40.95,41.25,40.55,40.70,262055,10700880,-0.45,,77259483,162,,
2017-09-25_3360,2017-09-25,3360,尚立,tpex,18.05,18.05,17.50,17.65,732000,12961050,-0.40,,75456054,338,,
2017-09-25_3362,2017-09-25,3362,先進光,tpex,68.60,68.60,64.40,65.60,3258000,215326500,-2.60,,93378000,2376,,
2017-09-25_3363,2017-09-25,3363,上詮,tpex,30.10,30.25,29.90,30.15,175000,5254050,0.00,,77474145,87,,
2017-09-25_3372,2017-09-25,3372,典範,tpex,6.28,6.38,6.20,6.23,276000,1726830,-0.03,,407929900,60,,
2017-09-25_3373,2017-09-25,3373,熱映,tpex,17.35,17.45,17.25,17.45,51000,884250,0.10,,43289801,34,,
2017-09-25_3374,2017-09-25,3374,精材,tpex,52.10,52.30,48.10,48.90,9345000,460138400,-3.20,,272109316,4938,,
2017-09-25_3376,2017-09-25,3376,新日興,twse,83.90,83.90,81.90,82.20,889300,73196700,-1.3,,178725346,581,,
2017-09-25_3379,2017-09-25,3379,彬台,tpex,13.60,13.60,13.20,13.20,151000,2014800,-0.50,,38041748,91,,
2017-09-25_3380,2017-09-25,3380,明泰,twse,23.40,23.80,22.65,23.80,12314874,285939550,0.5,,434469660,4486,,
2017-09-25_3383,2017-09-25,3383,新世紀,twse,2.70,2.72,2.60,2.65,226596,600609,-0.07,,315221228,52,,
2017-09-25_3388,2017-09-25,3388,崇越電,tpex,66.00,66.30,65.00,65.50,38000,2491500,-0.50,,64101000,29,,
2017-09-25_3390,2017-09-25,3390,旭軟,tpex,22.65,22.65,21.85,22.20,419000,9228350,-0.45,,65845059,161,,
2017-09-25_3402,2017-09-25,3402,漢科,tpex,26.40,26.40,25.10,25.30,1085000,27580500,-0.85,,73047692,545,,
2017-09-25_3406,2017-09-25,3406,玉晶光,twse,404.00,423.00,387.00,415.00,15744752,6406635332,11.0,,99771063,12759,,
2017-09-25_3413,2017-09-25,3413,京鼎,twse,212.50,214.00,200.00,201.50,2884644,589380588,-11.0,,78750000,2251,,
2017-09-25_3416,2017-09-25,3416,融程電,twse,56.40,56.40,54.90,55.50,193577,10762548,-0.8,,60181447,136,,
2017-09-25_3419,2017-09-25,3419,譁裕,twse,20.05,20.05,19.20,19.25,710201,13805148,-0.75,,120480417,306,,
2017-09-25_3426,2017-09-25,3426,台興,tpex,70.90,71.00,68.50,70.00,333000,23112800,-0.90,,22000000,187,,
2017-09-25_3428,2017-09-25,3428,光燿科,tpex,70.90,70.90,65.60,68.50,3232000,219700400,-2.00,,96232000,2160,,
2017-09-25_3431,2017-09-25,3431,長天,tpex,8.38,8.38,8.18,8.30,58000,477890,0.05,,35458704,21,,
2017-09-25_3432,2017-09-25,3432,台端,twse,14.10,14.10,13.10,13.10,298000,4020600,-0.55,,66586000,161,,
2017-09-25_3434,2017-09-25,3434,哲固,tpex,13.05,13.15,12.90,13.15,10000,130050,0.00,,22700000,8,,
2017-09-25_3437,2017-09-25,3437,榮創,twse,34.85,35.00,34.00,34.15,2183139,74909467,-0.7,,149450000,1108,,
2017-09-25_3438,2017-09-25,3438,類比科,tpex,20.30,20.30,19.70,19.80,276000,5503200,-0.50,,67379735,145,,
2017-09-25_3441,2017-09-25,3441,聯一光,tpex,52.60,52.60,48.00,50.00,2380000,119326850,-2.00,,40039920,1718,,
2017-09-25_3443,2017-09-25,3443,創意,twse,208.50,208.50,192.50,192.50,4436036,881812996,-14.5,,134011911,3416,,
2017-09-25_3444,2017-09-25,3444,利機,tpex,18.60,18.65,18.45,18.65,54000,1001150,-0.10,,39114586,32,,
2017-09-25_3450,2017-09-25,3450,聯鈞,twse,107.00,109.00,105.00,107.00,1185533,126832256,-0.5,,132437620,863,,
2017-09-25_3452,2017-09-25,3452,益通,tpex,9.65,9.75,9.46,9.56,804000,7726170,-0.07,,779449742,289,,
2017-09-25_3454,2017-09-25,3454,晶睿,twse,94.70,95.90,93.60,94.10,550593,51860616,-3.0,,81805104,394,,
2017-09-25_3455,2017-09-25,3455,由田,tpex,52.80,52.80,50.10,50.70,961000,49317500,-2.10,,61468750,537,,
2017-09-25_3465,2017-09-25,3465,祥業,tpex,,,,,0,0,,,13160335,0,無成交,
2017-09-25_3466,2017-09-25,3466,致振,tpex,16.15,16.15,15.70,16.00,15000,237050,-0.20,,60887573,9,,
2017-09-25_3479,2017-09-25,3479,安勤,tpex,47.70,47.70,46.90,47.10,106000,5002800,-0.30,,69288164,76,,
2017-09-25_3481,2017-09-25,3481,群創,twse,14.60,14.65,14.30,14.30,54192798,781773412,-0.25,,9952071977,9185,,
2017-09-25_3483,2017-09-25,3483,力致,tpex,23.10,23.30,22.90,22.95,69000,1586100,-0.15,,53856000,40,,
2017-09-25_3484,2017-09-25,3484,崧騰,tpex,44.90,45.25,41.60,42.10,3526000,152194150,-1.90,,66045538,2159,,
2017-09-25_3489,2017-09-25,3489,森寶,tpex,9.70,9.73,9.54,9.54,347000,3351050,-0.21,,83130670,78,,
2017-09-25_3490,2017-09-25,3490,單井,tpex,31.50,31.70,30.30,30.50,571000,17495500,-0.80,,67215594,322,,
2017-09-25_3491,2017-09-25,3491,昇達科,tpex,80.10,80.10,78.50,79.20,440000,34816700,-1.00,,51581241,320,,
2017-09-25_3492,2017-09-25,3492,長盛,tpex,37.35,37.35,36.00,36.00,216000,7876100,-0.90,,35531600,144,,
2017-09-25_3494,2017-09-25,3494,誠研,twse,12.40,12.65,12.15,12.25,1574001,19475162,-0.2,,179450634,478,,
2017-09-25_3498,2017-09-25,3498,陽程,tpex,60.80,61.30,57.00,57.20,3129000,182731300,-4.00,,91718060,1921,,
2017-09-25_3499,2017-09-25,3499,環天科,tpex,19.15,19.15,17.55,17.65,1037000,18636400,-1.40,,54970596,601,,
2017-09-25_3501,2017-09-25,3501,維熹,twse,52.20,52.20,51.00,51.20,421336,21699736,-1.1,,118257927,246,,
2017-09-25_3504,2017-09-25,3504,揚明光,twse,77.50,77.50,71.00,74.10,5724491,426812386,-3.6,,114059785,3726,,
2017-09-25_3508,2017-09-25,3508,位速,tpex,24.60,24.70,22.60,22.75,5959000,138584000,-2.35,,92837737,2406,,
2017-09-25_3511,2017-09-25,3511,矽瑪,tpex,18.80,18.80,18.30,18.60,45000,836900,-0.15,,44572945,36,,
2017-09-25_3512,2017-09-25,3512,能緹,tpex,48.20,48.30,45.00,46.10,464000,21515100,-1.90,,59000000,315,,
2017-09-25_3514,2017-09-25,3514,昱晶,twse,17.55,18.30,17.50,17.80,16885209,303471013,0.25,,521650533,5069,,
2017-09-25_3515,2017-09-25,3515,華擎,twse,72.80,72.80,65.70,67.40,891258,60365702,-5.4,,115041629,656,,
2017-09-25_3516,2017-09-25,3516,亞帝歐,tpex,10.60,10.60,10.10,10.30,359000,3708150,-0.35,,69083650,82,,
2017-09-25_3518,2017-09-25,3518,柏騰,twse,38.80,38.80,35.20,35.70,1949656,70751816,-3.0,,80707230,1023,,
2017-09-25_3519,2017-09-25,3519,綠能,twse,17.95,18.40,17.70,18.00,13109656,238150158,0.35,,414261474,3971,,
2017-09-25_3520,2017-09-25,3520,振維,tpex,60.10,60.10,54.10,54.10,645000,35195100,-6.00,,64032517,459,,
2017-09-25_3521,2017-09-25,3521,鴻翊,tpex,8.65,8.65,8.43,8.63,58000,492620,-0.05,,46730575,24,,
2017-09-25_3522,2017-09-25,3522,宏森,tpex,36.00,36.00,33.20,33.50,727000,24782700,-2.20,,72650000,354,,
2017-09-25_3523,2017-09-25,3523,迎輝,tpex,9.44,9.55,9.44,9.55,7000,66740,0.02,,96099560,5,,
2017-09-25_3526,2017-09-25,3526,凡甲,tpex,79.50,81.10,77.20,77.20,22266000,1767757400,0.40,,65837193,13452,,
2017-09-25_3527,2017-09-25,3527,聚積,tpex,62.10,62.10,59.50,59.60,344000,20760000,-1.70,,34814218,210,,
2017-09-25_3528,2017-09-25,3528,安馳,twse,36.20,36.25,35.20,35.20,182312,6485006,-1.0,,63767790,139,,
2017-09-25_3529,2017-09-25,3529,力旺,tpex,403.50,406.50,403.00,403.00,113000,45739000,-0.50,,75782242,112,,
2017-09-25_3531,2017-09-25,3531,先益,tpex,31.50,31.50,30.30,30.95,82000,2524800,-0.55,,61175011,54,,
2017-09-25_3532,2017-09-25,3532,台勝科,twse,118.50,120.00,115.50,116.00,9664813,1137049621,0.5,,775696599,6060,,
2017-09-25_3533,2017-09-25,3533,嘉澤,twse,188.50,189.00,179.50,180.00,1427600,259768498,-9.0,,93477900,1166,,
2017-09-25_3535,2017-09-25,3535,晶彩科,twse,12.15,12.15,11.65,11.65,633821,7452021,-0.4,,79052356,268,,
2017-09-25_3536,2017-09-25,3536,誠創,twse,19.90,19.90,19.45,19.45,1153077,22582453,-0.7,,106800000,360,,
2017-09-25_3537,2017-09-25,3537,堡達,tpex,20.10,20.15,19.85,20.05,37000,737200,-0.05,,48695220,25,,
2017-09-25_3540,2017-09-25,3540,曜越,tpex,22.10,22.10,21.30,21.40,457000,9890500,-0.35,,66613044,201,,
2017-09-25_3541,2017-09-25,3541,西柏,tpex,130.00,130.50,124.50,125.50,212000,26788500,-4.50,,49312087,179,,
2017-09-25_3545,2017-09-25,3545,敦泰,twse,37.40,37.65,35.20,35.20,9354502,340635595,-2.1,,297158136,4753,,
2017-09-25_3546,2017-09-25,3546,宇峻,tpex,89.80,90.30,86.00,86.10,993000,86591400,-4.40,,37827761,814,,
2017-09-25_3548,2017-09-25,3548,兆利,tpex,55.10,55.20,53.80,54.00,245000,13314100,-1.10,,60551398,199,,
2017-09-25_3550,2017-09-25,3550,聯穎,twse,16.00,16.00,15.70,15.75,177000,2791300,-0.35,,85000000,83,,
2017-09-25_3551,2017-09-25,3551,世禾,tpex,35.40,35.40,34.80,34.90,125000,4366200,-0.30,,56774890,95,,
2017-09-25_3552,2017-09-25,3552,同致,tpex,220.00,222.00,212.00,214.00,6665000,1445458500,0.00,,85389949,5177,,
2017-09-25_3555,2017-09-25,3555,重鳥鵬,tpex,71.90,71.90,71.90,71.90,1000,71900,0.80,up,35550000,1,,
2017-09-25_3556,2017-09-25,3556,禾瑞亞,tpex,49.30,49.30,48.50,48.60,244000,11902050,-0.70,,59468675,150,,
2017-09-25_3557,2017-09-25,3557,嘉威,twse,5.84,6.29,5.69,6.29,862651,5184705,0.57,,143246946,303,,
2017-09-25_3558,2017-09-25,3558,神準,tpex,133.50,133.50,130.50,131.50,217000,28526500,-2.00,,49060881,171,,
2017-09-25_3561,2017-09-25,3561,昇陽光電,twse,13.20,13.45,13.10,13.10,1448736,19149038,0.0,,371209428,652,,
2017-09-25_3562,2017-09-25,3562,頂晶科,tpex,12.35,13.00,12.20,12.45,292000,3621350,-0.65,,58090000,113,,
2017-09-25_3563,2017-09-25,3563,牧德,tpex,157.50,158.00,145.00,148.00,1079000,161159500,-8.00,,42608234,862,,
2017-09-25_3564,2017-09-25,3564,其陽,tpex,28.30,28.50,28.20,28.30,27000,765900,-0.10,,22529100,17,,
2017-09-25_3567,2017-09-25,3567,逸昌,tpex,26.30,26.50,26.10,26.30,450000,11858600,0.25,,35581000,303,,
2017-09-25_3570,2017-09-25,3570,大塚,tpex,47.50,47.50,46.20,47.20,38000,1777450,0.00,,17097000,33,,
2017-09-25_3576,2017-09-25,3576,聯合再生,twse,14.25,14.45,14.15,14.30,7083147,101457039,0.15,,1017509730,2052,,
2017-09-25_3577,2017-09-25,3577,泓格,tpex,34.15,34.40,34.00,34.15,17000,580450,-0.35,,48058343,15,,
2017-09-25_3579,2017-09-25,3579,尚志,twse,15.85,16.95,15.85,16.95,6286393,104823510,1.5,,115597348,2006,,
2017-09-25_3580,2017-09-25,3580,友威科,tpex,33.20,33.20,32.50,32.50,368000,12026600,-0.40,,65720657,188,,
2017-09-25_3581,2017-09-25,3581,博磊,tpex,20.00,20.00,19.20,19.35,153000,2968100,-0.45,,51776000,79,,
2017-09-25_3583,2017-09-25,3583,辛耘,twse,67.50,70.40,66.60,68.40,3751225,258346900,1.6,,81139000,2021,,
2017-09-25_3587,2017-09-25,3587,閎康,tpex,95.00,95.30,92.50,92.50,159000,14887200,-2.30,,53313157,124,,
2017-09-25_3588,2017-09-25,3588,通嘉,twse,28.30,28.30,27.20,27.50,179551,5000618,-0.8,,47357200,122,,
2017-09-25_3591,2017-09-25,3591,艾笛森,twse,14.45,14.45,14.05,14.30,274365,3899333,-0.1,,132354379,94,,
2017-09-25_3593,2017-09-25,3593,力銘,twse,14.90,15.40,14.35,14.35,3033100,44143095,-1.55,,112743058,1156,,
2017-09-25_3594,2017-09-25,3594,磐儀,tpex,30.20,30.55,28.40,28.80,548000,15900350,-1.40,,62780700,323,,
2017-09-25_3596,2017-09-25,3596,智易,twse,50.20,50.30,48.05,48.35,1427742,69272258,-1.75,,189119090,1015,,
2017-09-25_3605,2017-09-25,3605,宏致,twse,28.00,28.00,26.55,26.70,1200093,32351463,-0.95,,123355884,643,,
2017-09-25_3607,2017-09-25,3607,谷崧,twse,27.25,27.50,27.20,27.30,124051,3389581,0.1,,121662239,77,,
2017-09-25_3609,2017-09-25,3609,東林,tpex,15.30,15.50,14.80,15.05,86000,1290000,-0.65,,30339387,36,,
2017-09-25_3611,2017-09-25,3611,鼎翰,tpex,245.00,246.50,232.00,236.00,233000,55391500,-9.00,,38555400,220,,
2017-09-25_3617,2017-09-25,3617,碩天,twse,98.70,98.70,95.30,96.10,115017,11073533,-1.7,,80951000,96,,
2017-09-25_3622,2017-09-25,3622,洋華,twse,16.70,16.90,16.35,16.50,2021951,33680921,0.2,,151327600,873,,
2017-09-25_3623,2017-09-25,3623,富晶通,tpex,38.25,38.25,37.70,37.85,65000,2466650,-0.40,,36435250,51,,
2017-09-25_3624,2017-09-25,3624,光頡,tpex,19.20,19.50,18.90,19.35,93000,1787000,-0.20,,117340842,60,,
2017-09-25_3625,2017-09-25,3625,西勝,tpex,36.75,36.90,34.15,34.40,4594000,160658500,-2.10,,64186100,2379,,
2017-09-25_3628,2017-09-25,3628,盈正,tpex,39.85,40.65,39.80,40.50,37000,1490050,0.65,,45000000,32,,
2017-09-25_3629,2017-09-25,3629,群富通,tpex,18.10,18.10,18.10,18.10,1000,18100,0.10,up,20246000,1,,
2017-09-25_3630,2017-09-25,3630,新鉅科,tpex,52.50,52.90,49.05,49.35,7165000,357669700,-5.15,,101348960,3786,,
2017-09-25_3631,2017-09-25,3631,晟楠,tpex,29.80,29.85,29.20,29.35,18000,529300,-0.65,,79920909,15,,
2017-09-25_3632,2017-09-25,3632,研勤,tpex,16.00,16.15,15.30,15.90,890000,13986750,0.05,,47189738,508,,
2017-09-25_3642,2017-09-25,3642,駿熠電,tpex,19.70,19.70,19.50,19.60,19000,372500,-0.05,,30368642,13,,
2017-09-25_3645,2017-09-25,3645,達邁,twse,39.35,39.40,37.80,38.00,963500,36903050,-1.2,,123257613,424,,
2017-09-25_3646,2017-09-25,3646,艾恩特,tpex,20.35,20.45,20.20,20.20,21000,426950,-0.20,,39061371,19,,
2017-09-25_3652,2017-09-25,3652,精聯,tpex,20.15,20.35,19.95,19.95,60000,1203150,-0.15,,47075000,37,,
2017-09-25_3653,2017-09-25,3653,健策,twse,77.10,79.40,76.00,77.10,3651877,285165976,0.9,,106324149,2496,,
2017-09-25_3661,2017-09-25,3661,世芯-KY,twse,83.90,84.30,78.50,80.20,3577930,289107274,-3.6,,60702815,2501,,
2017-09-25_3663,2017-09-25,3663,鑫科,tpex,15.80,16.00,15.65,15.90,50000,791000,0.05,,73498057,29,,
2017-09-25_3664,2017-09-25,3664,安瑞-KY,tpex,18.05,18.30,17.75,18.20,314000,5642500,0.15,,74897039,129,,
2017-09-25_3665,2017-09-25,3665,貿聯-KY,twse,278.00,278.00,271.00,274.00,1686928,462498301,-7.0,,106299077,1386,,
2017-09-25_3666,2017-09-25,3666,光耀,tpex,24.90,27.05,24.80,27.05,3589000,93632000,2.45,,48299600,1673,,
2017-09-25_3669,2017-09-25,3669,圓展,twse,20.80,20.80,20.35,20.35,61000,1250050,-0.35,,97481950,38,,
2017-09-25_3672,2017-09-25,3672,康聯訊,tpex,25.00,25.50,24.60,25.30,44000,1097550,0.30,,33168375,27,,
2017-09-25_3673,2017-09-25,3673,TPK-KY,twse,103.50,104.00,99.50,100.00,15291709,1545546100,-2.0,,406633759,8094,,
2017-09-25_3675,2017-09-25,3675,德微,tpex,51.30,51.30,47.70,49.50,384000,19020100,-1.80,,44428250,283,,
2017-09-25_3679,2017-09-25,3679,新至陞,twse,70.90,70.90,69.50,69.60,88100,6173750,0.4,,79303286,56,,
2017-09-25_3680,2017-09-25,3680,家登,tpex,34.60,35.65,34.55,35.00,528000,18494000,0.30,,70560582,341,,
2017-09-25_3682,2017-09-25,3682,亞太電,twse,10.15,10.15,10.00,10.10,5835253,58700766,0.0,,4300627000,1316,,
2017-09-25_3684,2017-09-25,3684,榮昌,tpex,41.70,41.70,40.60,40.80,27000,1106500,-1.00,,24606236,24,,
2017-09-25_3685,2017-09-25,3685,元創精密,tpex,64.20,66.50,62.60,62.80,325000,20757600,-1.20,,79990000,223,,
2017-09-25_3686,2017-09-25,3686,達能,twse,7.40,7.55,7.35,7.37,2266001,16894067,0.02,,349626799,672,,
2017-09-25_3687,2017-09-25,3687,歐買尬,tpex,42.50,43.70,41.00,41.00,473000,19920650,0.80,,30059572,393,,
2017-09-25_3689,2017-09-25,3689,湧德,tpex,50.70,50.70,48.05,49.25,1195000,58516900,-1.45,,69675807,817,,
2017-09-25_3691,2017-09-25,3691,碩禾,tpex,247.50,256.00,245.50,249.50,731000,183557000,2.00,,60989036,645,,
2017-09-25_3693,2017-09-25,3693,營邦,tpex,52.50,52.50,52.20,52.50,38000,1989000,0.00,,38535694,31,,
2017-09-25_3694,2017-09-25,3694,海華,twse,17.30,17.30,16.55,17.00,819000,13739000,-0.15,,133493808,324,,
2017-09-25_3698,2017-09-25,3698,隆達,twse,17.20,17.30,16.45,16.70,2034207,33937134,-0.5,,512307580,1004,,
2017-09-25_3701,2017-09-25,3701,大眾控,twse,5.55,6.11,5.55,6.10,24884,147847,0.0,,380689109,24,,
2017-09-25_3702,2017-09-25,3702,大聯大,twse,39.70,39.85,39.35,39.55,3897153,154098574,-0.15,,1745420665,1485,,
2017-09-25_3703,2017-09-25,3703,欣陸,twse,12.80,12.85,12.60,12.75,2629657,33452590,-0.05,,823215980,661,,
2017-09-25_3704,2017-09-25,3704,合勤控,twse,14.75,14.85,14.35,14.35,384573,5605270,-0.4,,441177355,208,,
2017-09-25_3705,2017-09-25,3705,永信,twse,40.30,40.30,39.95,40.00,143728,5755536,-0.3,,266422983,106,,
2017-09-25_3706,2017-09-25,3706,神達,twse,36.20,36.25,35.35,35.80,2898608,103151527,-0.4,,817995218,1164,,
2017-09-25_3707,2017-09-25,3707,漢磊,tpex,15.65,15.65,14.90,15.00,3935000,59798150,-0.65,,228490154,1189,,
2017-09-25_3708,2017-09-25,3708,上緯投控,twse,83.60,83.60,79.00,79.80,687261,55031322,-3.8,,90847147,473,,
2017-09-25_3709,2017-09-25,3709,鑫聯大投控,tpex,18.60,18.80,18.55,18.60,26000,483600,0.00,,79569450,18,,
2017-09-25_4102,2017-09-25,4102,永日,tpex,16.15,16.20,16.10,16.10,31000,500300,-0.05,,42373443,16,,
2017-09-25_4103,2017-09-25,4103,百略,tpex,74.50,74.90,74.50,74.60,19000,1417500,-0.90,,109996975,18,,
2017-09-25_4104,2017-09-25,4104,佳醫,twse,44.75,44.75,44.35,44.35,161253,7164365,-0.4,,127626817,125,,
2017-09-25_4105,2017-09-25,4105,東洋,tpex,90.40,90.40,87.50,88.10,1128000,99724000,-2.30,,248649959,917,,
2017-09-25_4106,2017-09-25,4106,雃博,twse,31.05,31.20,30.00,30.40,496707,15135220,-0.8,,83385557,386,,
2017-09-25_4107,2017-09-25,4107,邦特,tpex,81.30,81.30,78.30,79.00,458000,36381500,-2.20,,69298336,378,,
2017-09-25_4108,2017-09-25,4108,懷特,twse,26.70,26.70,26.00,26.00,428363,11235581,-0.7,,163616379,268,,
2017-09-25_4109,2017-09-25,4109,穆拉德加捷,tpex,18.25,18.30,17.90,18.30,333000,6019650,-0.10,,81877271,112,,
2017-09-25_4111,2017-09-25,4111,濟生,tpex,25.05,25.05,24.35,24.45,307000,7539900,-0.70,,56982985,138,,
2017-09-25_4113,2017-09-25,4113,聯上,tpex,10.65,10.65,10.15,10.30,832000,8602500,-0.25,,205764581,261,,
2017-09-25_4114,2017-09-25,4114,健喬,tpex,26.30,26.40,25.60,25.70,477000,12395850,-0.70,,184018154,212,,
2017-09-25_4116,2017-09-25,4116,明基醫,tpex,36.70,36.70,36.50,36.60,33000,1209500,-0.45,,44566000,26,,
2017-09-25_4119,2017-09-25,4119,旭富,twse,61.70,61.80,61.00,61.30,189600,11623936,-0.4,,79485310,150,,
2017-09-25_4120,2017-09-25,4120,友華,tpex,71.50,71.50,69.80,70.60,152000,10703700,-0.40,,86747119,129,,
2017-09-25_4121,2017-09-25,4121,優盛,tpex,12.00,12.00,11.40,11.75,400000,4651800,-0.25,,73316764,185,,
2017-09-25_4123,2017-09-25,4123,晟德,tpex,50.10,50.10,49.30,49.30,230000,11406300,-0.55,,320608401,196,,
2017-09-25_4126,2017-09-25,4126,太醫,tpex,72.20,72.40,71.40,71.60,134000,9618200,-0.80,,66015216,102,,
2017-09-25_4127,2017-09-25,4127,天良,tpex,12.70,12.75,12.55,12.70,92000,1164250,-0.30,,45760000,35,,
2017-09-25_4128,2017-09-25,4128,中天,tpex,21.45,21.50,21.05,21.10,637000,13522500,-0.35,,425342650,321,,
2017-09-25_4129,2017-09-25,4129,聯合,tpex,72.00,72.00,68.30,68.70,1123000,78043600,-3.30,,79724847,797,,
2017-09-25_4130,2017-09-25,4130,健亞,tpex,35.05,35.20,33.80,34.05,370000,12620900,-0.90,,100806000,245,,
2017-09-25_4131,2017-09-25,4131,晶宇,tpex,10.50,10.50,10.00,10.00,40000,405800,-0.20,,38291934,12,,
2017-09-25_4133,2017-09-25,4133,亞諾法,twse,39.00,39.45,38.20,38.60,399013,15405153,-0.7,,60553594,228,,
2017-09-25_4137,2017-09-25,4137,麗豐-KY,twse,111.00,111.50,104.50,105.00,511445,54507170,-5.5,,79492350,398,,
2017-09-25_4138,2017-09-25,4138,曜亞,tpex,50.70,50.70,50.20,50.30,43000,2164700,-0.50,,30000000,35,,
2017-09-25_4139,2017-09-25,4139,馬光-KY,tpex,52.60,53.40,52.20,53.40,23000,1215500,0.00,,38147670,12,,
2017-09-25_4141,2017-09-25,4141,龍燈-KY,twse,29.40,29.40,28.75,29.05,218114,6326010,0.4,,151911968,139,,
2017-09-25_4142,2017-09-25,4142,國光生,twse,20.40,20.45,19.90,19.90,659000,13209300,-0.4,,237613222,353,,
2017-09-25_4144,2017-09-25,4144,康聯-KY,twse,37.65,37.75,36.85,36.85,111573,4144228,-0.85,,78139000,100,,
2017-09-25_4147,2017-09-25,4147,中裕,tpex,206.50,208.00,202.00,202.00,707000,144211500,-4.50,,250205750,569,,
2017-09-25_4148,2017-09-25,4148,全宇生技-KY,twse,102.00,115.50,100.00,115.50,1201000,129535000,10.5,,64034001,877,,
2017-09-25_4152,2017-09-25,4152,台微體,tpex,90.90,90.90,89.20,89.20,26000,2329800,-1.70,,55728407,24,,
2017-09-25_4153,2017-09-25,4153,鈺緯,tpex,29.15,29.15,27.85,27.90,131000,3695900,-0.80,,49366574,84,,
2017-09-25_4154,2017-09-25,4154,康樂-KY,tpex,27.85,28.00,27.15,27.90,45000,1239750,-0.40,,19526000,36,,
2017-09-25_4157,2017-09-25,4157,太景*-KY,tpex,21.80,21.80,21.10,21.10,616000,13122050,-0.55,,716760425,306,,
2017-09-25_4160,2017-09-25,4160,創源,tpex,30.10,30.40,28.10,28.40,151000,4363100,-1.25,,24247016,95,,
2017-09-25_4161,2017-09-25,4161,聿新科,tpex,50.20,50.20,49.20,49.70,39000,1934700,-0.60,,52257844,32,,
2017-09-25_4162,2017-09-25,4162,智擎,tpex,161.50,161.50,155.50,156.50,887000,139962000,-5.50,,147128840,760,,
2017-09-25_4163,2017-09-25,4163,鐿鈦,tpex,99.00,99.00,96.00,96.50,102000,9897800,-2.90,,40238000,94,,
2017-09-25_4164,2017-09-25,4164,承業醫,twse,39.60,39.80,38.45,38.70,274290,10729071,-0.85,,139870750,178,,
2017-09-25_4167,2017-09-25,4167,展旺,tpex,26.35,26.35,25.80,26.10,940000,24516000,-0.10,,246576250,412,,
2017-09-25_4168,2017-09-25,4168,醣聯,tpex,24.45,24.45,24.05,24.10,126000,3044250,-0.35,,77783456,75,,
2017-09-25_4171,2017-09-25,4171,瑞基,tpex,19.80,20.20,19.80,20.20,12000,240400,0.00,,34340000,8,,
2017-09-25_4173,2017-09-25,4173,久裕,tpex,17.90,17.95,17.30,17.85,467000,8180950,0.05,,44574355,262,,
2017-09-25_4174,2017-09-25,4174,浩鼎,tpex,185.00,185.00,180.00,180.00,488000,88671000,0.00,,172115674,416,,
2017-09-25_4175,2017-09-25,4175,杏一,tpex,66.00,66.00,65.00,65.50,24000,1571200,-0.50,,28240000,18,,
2017-09-25_4180,2017-09-25,4180,安成藥,tpex,69.30,69.60,68.80,69.20,77000,5318100,0.00,,125133650,55,,
2017-09-25_4183,2017-09-25,4183,福永生技,tpex,19.95,19.95,19.25,19.45,42000,819350,-0.30,,23800000,24,,
2017-09-25_4188,2017-09-25,4188,安克,tpex,32.20,32.25,31.40,31.70,219000,6944700,-0.55,,52695000,124,,
2017-09-25_4190,2017-09-25,4190,佐登-KY,twse,65.00,65.10,63.00,63.40,135044,8602178,-1.5,,61154700,121,,
2017-09-25_4192,2017-09-25,4192,杏國,tpex,27.35,27.35,26.60,26.85,60000,1614300,-0.50,,69867000,47,,
2017-09-25_4198,2017-09-25,4198,環瑞醫,tpex,12.00,12.10,11.65,11.90,48000,570350,-0.20,,141800000,27,,
2017-09-25_4205,2017-09-25,4205,中華食,tpex,63.50,63.50,63.30,63.30,21000,1331700,0.00,,80701842,18,,
2017-09-25_4207,2017-09-25,4207,環泰,tpex,11.25,11.30,11.20,11.20,69000,775750,-0.05,,173617169,36,,
2017-09-25_4304,2017-09-25,4304,勝昱,tpex,6.03,6.17,5.98,6.00,34000,204590,-0.09,,51333500,15,,
2017-09-25_4305,2017-09-25,4305,世坤,tpex,31.85,31.85,31.00,31.30,5000,157000,-0.35,,55014000,5,,
2017-09-25_4306,2017-09-25,4306,炎洲,twse,13.35,14.20,13.35,13.75,2048842,28263462,0.45,,451284226,823,,
2017-09-25_4401,2017-09-25,4401,東隆興,tpex,84.80,85.80,84.00,85.00,147000,12504400,0.80,,120286286,126,,
2017-09-25_4402,2017-09-25,4402,福大,tpex,16.70,16.70,16.00,16.45,255000,4158700,0.05,,45991830,128,,
2017-09-25_4406,2017-09-25,4406,新昕纖,tpex,9.55,9.65,9.55,9.65,6000,57530,0.01,,51912000,6,,
2017-09-25_4413,2017-09-25,4413,飛寶企業,tpex,9.33,9.33,9.31,9.31,3000,27950,-0.94,,23314689,3,,
2017-09-25_4414,2017-09-25,4414,如興,twse,19.90,20.50,19.80,20.45,5859519,117772481,0.6,,852393110,1691,,
2017-09-25_4416,2017-09-25,4416,三圓,tpex,82.30,82.30,82.30,82.30,1000,82300,-2.50,down,60015612,1,,
2017-09-25_4417,2017-09-25,4417,金洲,tpex,33.70,33.70,33.05,33.25,194000,6452450,-0.45,,83971399,96,,
2017-09-25_4419,2017-09-25,4419,元勝,tpex,10.00,10.00,10.00,10.00,10000,100000,0.00,flat,29578917,3,,
2017-09-25_4420,2017-09-25,4420,光明,tpex,27.40,27.40,27.30,27.35,27000,738650,0.00,,40455000,21,,
2017-09-25_4426,2017-09-25,4426,利勤,twse,65.40,65.40,62.90,63.50,509744,32451616,-1.6,,140186135,400,,
2017-09-25_4429,2017-09-25,4429,聚紡,tpex,22.55,22.55,22.55,22.55,1000,22550,-0.20,down,34350000,1,,
2017-09-25_4430,2017-09-25,4430,耀億,tpex,23.65,23.65,23.45,23.50,18000,423550,-0.15,,56273609,12,,
2017-09-25_4432,2017-09-25,4432,銘旺實,tpex,37.65,37.90,37.65,37.80,15000,566650,-0.20,,50589000,14,,
2017-09-25_4433,2017-09-25,4433,興采,tpex,23.00,23.10,23.00,23.00,4000,92100,-0.15,,31533432,4,,
2017-09-25_4438,2017-09-25,4438,廣越,twse,160.00,162.50,157.50,161.50,151000,24193000,2.0,,103763942,133,,
2017-09-25_4502,2017-09-25,4502,健信,tpex,115.00,116.00,112.50,114.50,170000,19477000,0.00,,44303661,140,,
2017-09-25_4503,2017-09-25,4503,金雨,tpex,44.00,44.00,42.00,42.00,85000,3604800,-2.00,,39263326,69,,
2017-09-25_4506,2017-09-25,4506,崇友,tpex,46.00,46.00,45.20,45.30,129000,5874650,-0.70,,196680000,115,,
2017-09-25_4510,2017-09-25,4510,高鋒,tpex,20.40,20.40,19.50,20.00,984000,19454400,-0.40,,108010689,388,,
2017-09-25_4513,2017-09-25,4513,福裕,tpex,9.65,9.65,9.41,9.41,201000,1902700,-0.25,,76880300,55,,
2017-09-25_4523,2017-09-25,4523,永彰,tpex,17.10,17.10,16.80,16.80,65000,1100700,-0.25,,64000000,46,,
2017-09-25_4526,2017-09-25,4526,東台,twse,20.80,20.85,20.65,20.70,394831,8187624,-0.1,,254826461,172,,
2017-09-25_4527,2017-09-25,4527,方土霖,tpex,31.80,31.95,31.65,31.80,103000,3276250,0.05,,76152370,56,,
2017-09-25_4528,2017-09-25,4528,江興鍛,tpex,79.90,79.90,71.90,71.90,1687000,123697500,-7.90,,76514268,1205,,
2017-09-25_4529,2017-09-25,4529,淳紳,tpex,38.60,38.60,36.30,36.50,1422000,52337300,-1.65,,80142296,827,,
2017-09-25_4530,2017-09-25,4530,宏易,tpex,9.38,9.39,9.16,9.17,99000,913860,-0.03,,46172276,50,,
2017-09-25_4532,2017-09-25,4532,瑞智,twse,30.55,30.65,30.10,30.15,1614554,48811000,-0.4,,488349001,1249,,
2017-09-25_4533,2017-09-25,4533,協易機,tpex,12.95,12.95,12.70,12.70,306000,3894100,-0.20,,158434110,133,,
2017-09-25_4534,2017-09-25,4534,慶騰,tpex,18.95,18.95,18.50,18.60,288000,5350550,-0.35,,87406606,126,,
2017-09-25_4535,2017-09-25,4535,至興,tpex,41.10,41.10,40.80,40.80,92000,3762050,-0.30,,75661740,52,,
2017-09-25_4536,2017-09-25,4536,拓凱,twse,94.60,94.60,94.30,94.40,21056,1990086,-0.2,,90820000,22,,
2017-09-25_4541,2017-09-25,4541,晟田,tpex,25.75,25.75,25.10,25.35,84000,2135000,-0.35,,54143426,63,,
2017-09-25_4542,2017-09-25,4542,科嶠,tpex,33.00,33.70,33.00,33.70,6000,199050,-0.90,,28285400,5,,
2017-09-25_4543,2017-09-25,4543,萬在,tpex,,,,,0,0,,,56735000,0,無成交,
2017-09-25_4545,2017-09-25,4545,銘鈺,twse,34.50,34.50,33.30,33.60,41000,1389900,-0.8,,77000000,36,,
2017-09-25_4549,2017-09-25,4549,桓達,tpex,84.50,84.90,84.00,84.30,23000,1936500,0.30,,40389224,22,,
2017-09-25_4550,2017-09-25,4550,長佳,tpex,19.40,19.45,19.10,19.20,36000,693050,-0.20,,34416186,28,,
2017-09-25_4551,2017-09-25,4551,智伸科,twse,183.00,184.00,168.00,182.00,458000,81722000,-2.0,,81934000,370,,
2017-09-25_4552,2017-09-25,4552,力達-KY,twse,102.00,102.00,99.80,100.50,493300,49512500,-1.5,,100000000,340,,
2017-09-25_4554,2017-09-25,4554,橙的,tpex,28.50,28.70,28.35,28.35,19000,540550,-0.55,,21374900,10,,
2017-09-25_4555,2017-09-25,4555,氣立,twse,62.50,62.70,62.40,62.40,7000,437200,0.2,,66880000,6,,
2017-09-25_4556,2017-09-25,4556,旭然,tpex,29.40,29.60,29.35,29.35,7000,206100,-0.25,,35228000,7,,
2017-09-25_4557,2017-09-25,4557,永新-KY,twse,77.50,77.50,76.20,76.50,177100,13593100,0.2,,34425500,131,,
2017-09-25_4560,2017-09-25,4560,強信-KY,twse,42.50,42.50,40.50,41.60,287200,11853840,-0.85,,65250000,191,,
2017-09-25_4562,2017-09-25,4562,穎漢,twse,42.85,42.85,41.20,41.30,104654,4352671,-1.55,,67546000,71,,
2017-09-25_4609,2017-09-25,4609,唐鋒,tpex,,,,,0,0,,,47946820,0,無成交,
2017-09-25_4702,2017-09-25,4702,中美實,tpex,6.08,6.08,5.85,5.90,587000,3466020,-0.18,,225000000,196,,
2017-09-25_4706,2017-09-25,4706,大恭,tpex,21.30,21.30,20.90,21.10,46000,968050,-0.30,,79030093,32,,
2017-09-25_4707,2017-09-25,4707,磐亞,tpex,9.21,9.74,9.10,9.43,1931000,18359740,0.23,,245706232,686,,
2017-09-25_4711,2017-09-25,4711,永純,tpex,18.15,18.15,17.70,17.95,12000,214000,0.00,,61056000,12,,
2017-09-25_4712,2017-09-25,4712,南璋,tpex,13.90,13.95,13.20,13.20,134000,1801500,-0.20,,60524372,58,,
2017-09-25_4714,2017-09-25,4714,永捷,tpex,16.10,16.30,15.20,15.30,9232000,144956700,-1.10,,84760690,2992,,
2017-09-25_4716,2017-09-25,4716,大立,tpex,25.50,26.30,25.20,26.30,904000,23366200,0.80,,74427288,379,,
2017-09-25_4720,2017-09-25,4720,德淵,twse,14.10,14.15,14.05,14.05,71086,1001358,-0.05,,88576709,23,,
2017-09-25_4721,2017-09-25,4721,美琪瑪,tpex,128.00,128.00,118.00,118.00,8370000,1007835500,-13.00,,74986304,5384,,
2017-09-25_4722,2017-09-25,4722,國精化,twse,31.65,31.65,31.20,31.50,358261,11250604,-0.15,,95246818,137,,
2017-09-25_4725,2017-09-25,4725,信昌化,twse,18.15,18.30,17.95,18.20,459300,8302580,0.2,,291975000,236,,
2017-09-25_4726,2017-09-25,4726,永昕,tpex,29.00,29.00,28.45,28.50,78000,2235600,-0.50,,112118000,55,,
2017-09-25_4728,2017-09-25,4728,雙美,tpex,28.60,28.60,27.45,27.45,308000,8547350,-1.15,,54463000,135,,
2017-09-25_4729,2017-09-25,4729,熒茂,tpex,20.50,20.50,19.85,19.90,443000,8880950,-0.70,,104972000,168,,
2017-09-25_4735,2017-09-25,4735,豪展,tpex,43.70,43.70,42.70,42.75,189000,8118950,-0.95,,34111375,146,,
2017-09-25_4736,2017-09-25,4736,泰博,tpex,86.10,86.10,84.60,84.80,169000,14359200,-1.30,,78327735,91,,
2017-09-25_4737,2017-09-25,4737,華廣,twse,56.60,56.80,56.60,56.80,8117,460845,-0.1,,59446794,9,,
2017-09-25_4739,2017-09-25,4739,康普,twse,118.50,119.00,110.00,115.00,9044520,1033323078,-3.5,,75725410,5760,,
2017-09-25_4743,2017-09-25,4743,合一,tpex,24.50,24.50,24.10,24.15,249000,6023150,-0.45,,195602229,150,,
2017-09-25_4745,2017-09-25,4745,合富-KY,tpex,41.75,41.95,40.65,41.95,102000,4212150,0.20,,57698085,91,,
2017-09-25_4746,2017-09-25,4746,台耀,twse,72.60,72.60,70.60,71.00,498500,35431650,-1.5,,89504470,404,,
2017-09-25_4747,2017-09-25,4747,強生,tpex,37.40,37.40,37.20,37.20,3000,111850,-0.40,,30018750,3,,
2017-09-25_4754,2017-09-25,4754,國碳科,tpex,42.95,42.95,42.80,42.80,8000,343150,-0.20,,15634340,6,,
2017-09-25_4755,2017-09-25,4755,三福化,twse,42.20,42.20,39.70,40.20,431205,17559090,-1.95,,90706000,246,,
2017-09-25_4763,2017-09-25,4763,材料*-KY,twse,178.50,178.50,173.00,177.50,135000,23780500,-1.0,,46480000,108,,
2017-09-25_4803,2017-09-25,4803,VHQ-KY,tpex,146.00,146.50,139.00,140.00,336000,47676500,-5.00,,32277001,294,,
2017-09-25_4804,2017-09-25,4804,大略-KY,tpex,50.80,50.80,48.00,48.00,674000,32744350,-2.90,,36031920,425,,
2017-09-25_4806,2017-09-25,4806,昇華,tpex,61.60,61.70,59.50,60.40,315000,18953000,-1.20,,30090000,244,,
2017-09-25_4807,2017-09-25,4807,日成-KY,twse,48.10,49.45,48.00,48.80,36012,1741039,-0.2,,38160000,37,,
2017-09-25_4903,2017-09-25,4903,聯光通,tpex,33.20,33.30,30.10,32.40,2513000,79362600,-0.55,,90279327,1417,,
2017-09-25_4904,2017-09-25,4904,遠傳,twse,71.70,72.20,71.60,71.80,1553288,111653136,-0.2,,3258500810,1015,,
2017-09-25_4905,2017-09-25,4905,台聯電,tpex,56.60,56.60,55.20,56.10,133000,7441300,-0.10,,48622516,89,,
2017-09-25_4906,2017-09-25,4906,正文,twse,23.65,23.80,22.65,22.90,5495065,126253324,-0.6,,315720280,2610,,
2017-09-25_4907,2017-09-25,4907,富宇,tpex,35.50,36.25,34.25,34.30,524000,18465800,-1.20,,118145778,309,,
2017-09-25_4908,2017-09-25,4908,前鼎,tpex,19.30,19.45,18.90,19.15,272000,5217050,-0.10,,77657157,162,,
2017-09-25_4909,2017-09-25,4909,新復興,tpex,19.90,20.00,19.60,19.60,101000,1989600,-0.30,,93356864,56,,
2017-09-25_4911,2017-09-25,4911,德英,tpex,48.20,48.70,48.20,48.70,21000,1019300,0.70,,55660000,17,,
2017-09-25_4912,2017-09-25,4912,聯德控股-KY,twse,241.00,241.00,226.00,226.00,221000,50912000,-15.0,,39541119,189,,
2017-09-25_4915,2017-09-25,4915,致伸,twse,67.30,67.50,63.90,66.50,3162245,208115270,-1.1,,444697324,2283,,
2017-09-25_4916,2017-09-25,4916,事欣科,twse,35.00,35.30,33.70,33.85,938707,32388975,-0.65,,78830048,589,,
2017-09-25_4919,2017-09-25,4919,新唐,twse,59.00,59.00,56.00,56.00,2812450,160748958,-2.4,,207554400,1747,,
2017-09-25_4924,2017-09-25,4924,欣厚-KY,tpex,8.97,8.97,8.90,8.97,18000,160930,-0.02,,37164409,8,,
2017-09-25_4927,2017-09-25,4927,泰鼎-KY,twse,22.65,22.65,22.00,22.05,3382897,77959233,-0.7,,144517957,1305,,
2017-09-25_4930,2017-09-25,4930,燦星網,twse,13.30,13.30,13.10,13.20,71752,945398,-0.1,,134300000,44,,
2017-09-25_4933,2017-09-25,4933,友輝,tpex,23.60,23.60,22.85,23.25,204000,4709650,-0.30,,77331675,106,,
2017-09-25_4934,2017-09-25,4934,太極,twse,12.65,12.85,12.45,12.55,3113004,39338948,0.0,,356545000,915,,
2017-09-25_4935,2017-09-25,4935,茂林-KY,twse,43.55,44.15,43.05,44.05,1189696,52040334,0.9,,130937091,736,,
2017-09-25_4938,2017-09-25,4938,和碩,twse,81.00,81.00,77.70,77.70,21545480,1695686261,-3.6,,2612339129,11015,,
2017-09-25_4939,2017-09-25,4939,亞電,tpex,17.40,17.55,16.35,16.35,3874000,64442950,-1.05,,98200868,1260,,
2017-09-25_4942,2017-09-25,4942,嘉彰,twse,23.65,23.65,23.45,23.50,95350,2243775,-0.15,,142367613,42,,
2017-09-25_4943,2017-09-25,4943,康控-KY,twse,214.00,214.00,203.00,204.00,832025,173685575,-10.5,,107171857,776,,
2017-09-25_4944,2017-09-25,4944,兆遠,tpex,12.25,12.90,11.35,12.30,6413000,78000000,0.05,,211513563,2396,,
2017-09-25_4946,2017-09-25,4946,辣椒,tpex,48.00,48.00,43.80,44.70,1230000,55535850,-3.30,,27320796,835,,
2017-09-25_4947,2017-09-25,4947,昂寶-KY,tpex,229.00,229.50,221.00,226.00,943000,211842500,-2.00,,55986268,780,,
2017-09-25_4950,2017-09-25,4950,牧東,tpex,18.55,18.55,17.30,18.55,14000,246500,-0.10,,45779000,8,,
2017-09-25_4952,2017-09-25,4952,凌通,twse,48.20,50.70,47.65,48.90,20046645,987452227,2.8,,108815816,11025,,
2017-09-25_4953,2017-09-25,4953,緯軟,tpex,25.60,25.95,25.50,25.60,76000,1950450,-0.05,,43878322,49,,
2017-09-25_4956,2017-09-25,4956,光鋐,twse,21.50,21.55,20.35,20.45,3217000,66167700,-1.0,,100408236,1500,,
2017-09-25_4958,2017-09-25,4958,臻鼎-KY,twse,63.50,63.50,60.80,61.00,5766717,353804237,-2.6,,804748359,3346,,
2017-09-25_4960,2017-09-25,4960,誠美材,twse,14.60,14.60,13.90,13.95,14808663,209283747,-0.65,,665728500,3629,,
2017-09-25_4965,2017-09-25,4965,商店街,tpex,58.50,60.00,58.50,60.00,22000,1308300,0.30,,26602249,19,,
2017-09-25_4966,2017-09-25,4966,譜瑞-KY,tpex,496.00,499.50,485.00,490.00,614000,301245500,-6.00,,78352981,597,,
2017-09-25_4968,2017-09-25,4968,立積,twse,114.50,114.50,103.50,103.50,1974222,214171088,-9.5,,54887344,1485,,
2017-09-25_4971,2017-09-25,4971,IET-KY,tpex,85.10,86.90,84.60,85.50,218000,18634400,0.60,,36135543,154,,
2017-09-25_4972,2017-09-25,4972,湯石照明,tpex,29.85,29.90,29.20,29.35,69000,2034900,-0.50,,39811803,57,,
2017-09-25_4973,2017-09-25,4973,廣穎,tpex,20.00,20.00,19.65,19.65,84000,1661450,-0.45,,64837473,62,,
2017-09-25_4974,2017-09-25,4974,亞泰,tpex,52.60,52.80,49.80,50.40,1707000,86572100,-2.20,,72500104,1020,,
2017-09-25_4976,2017-09-25,4976,佳凌,twse,43.50,43.80,41.10,41.65,5816350,244295905,-1.85,,115868000,3496,,
2017-09-25_4977,2017-09-25,4977,眾達-KY,twse,137.00,137.00,131.50,132.00,1639479,218947965,-6.0,,58783927,1238,,
2017-09-25_4979,2017-09-25,4979,華星光,tpex,29.70,30.00,28.80,29.65,593000,17398050,0.15,,91021613,385,,
2017-09-25_4984,2017-09-25,4984,科納-KY,twse,33.50,33.55,31.05,31.20,674018,21437498,-2.2,,45759689,426,,
2017-09-25_4987,2017-09-25,4987,科誠,tpex,66.50,66.90,65.90,66.10,100000,6630600,-1.40,,25200000,85,,
2017-09-25_4991,2017-09-25,4991,環宇-KY,tpex,66.40,66.70,64.50,66.00,576000,37835100,0.60,,78496124,387,,
2017-09-25_4994,2017-09-25,4994,傳奇,twse,58.50,58.50,58.20,58.20,4110,239901,0.4,,110639000,6,,
2017-09-25_4995,2017-09-25,4995,晶達,tpex,41.05,42.10,41.05,42.10,3000,124200,0.05,,34213443,3,,
2017-09-25_4999,2017-09-25,4999,鑫禾,twse,50.60,50.60,50.00,50.00,128200,6437360,-1.2,,74417200,92,,
2017-09-25_5007,2017-09-25,5007,三星,twse,62.10,62.70,61.00,62.70,1077266,66785243,1.2,,294940154,769,,
2017-09-25_5009,2017-09-25,5009,榮剛,tpex,19.95,20.00,19.60,19.85,1181000,23345500,-0.25,,466735991,517,,
2017-09-25_5011,2017-09-25,5011,久陽,tpex,,,,,0,0,,,41135869,0,無成交,
2017-09-25_5013,2017-09-25,5013,強新,tpex,28.80,28.80,28.30,28.35,13000,370250,-0.50,,133416000,12,,
2017-09-25_5014,2017-09-25,5014,建錩,tpex,16.30,16.40,16.00,16.10,1606000,26049050,-0.10,,165333054,428,,
2017-09-25_5015,2017-09-25,5015,華祺,tpex,27.45,27.45,27.05,27.20,141000,3841250,-0.20,,60639189,62,,
2017-09-25_5016,2017-09-25,5016,松和,tpex,32.90,33.50,32.70,32.70,27000,892950,-0.20,,49622076,16,,
2017-09-25_5102,2017-09-25,5102,富強,tpex,15.10,15.20,15.05,15.15,108000,1634100,0.10,,64085067,26,,
2017-09-25_5201,2017-09-25,5201,凱衛,tpex,17.95,18.20,17.60,17.80,363000,6497100,0.00,,30674600,168,,
2017-09-25_5202,2017-09-25,5202,力新,tpex,27.90,30.65,27.90,30.65,624000,18539850,2.75,,59094000,259,,
2017-09-25_5203,2017-09-25,5203,訊連,twse,62.40,62.50,61.90,61.90,90439,5627139,-0.5,,86915171,71,,
2017-09-25_5205,2017-09-25,5205,漢康,tpex,9.68,9.68,9.68,9.68,1000,9680,0.88,up,17005200,1,,
2017-09-25_5206,2017-09-25,5206,坤悅,tpex,9.93,9.93,9.67,9.67,35000,343020,-0.23,,148500000,18,,
2017-09-25_5209,2017-09-25,5209,新鼎,tpex,43.05,43.10,43.05,43.05,6000,258500,-0.90,,23491500,5,,
2017-09-25_5210,2017-09-25,5210,寶碩,tpex,6.84,7.08,6.84,7.00,589000,4099420,0.12,,65699779,78,,
2017-09-25_5211,2017-09-25,5211,蒙恬,tpex,20.20,20.20,19.90,20.10,48000,961250,0.00,,32024727,29,,
2017-09-25_5212,2017-09-25,5212,凌網,tpex,24.40,24.40,23.55,24.35,6000,144450,-0.65,,34633000,6,,
2017-09-25_5213,2017-09-25,5213,亞昕,tpex,15.90,15.95,15.45,15.60,497000,7752900,-0.40,,380090374,212,,
2017-09-25_5215,2017-09-25,5215,科嘉-KY,twse,28.30,28.50,28.10,28.50,76007,2148451,0.1,,54337500,57,,
2017-09-25_5225,2017-09-25,5225,東科-KY,twse,29.80,29.80,28.30,29.20,59000,1713850,-0.6,,61494000,45,,
2017-09-25_5227,2017-09-25,5227,立凱-KY,tpex,29.80,29.80,27.85,28.20,2238000,63622700,-1.50,,210573654,1221,,
2017-09-25_5230,2017-09-25,5230,雷笛克光學,tpex,54.00,54.00,50.30,51.00,1127000,57996300,-2.70,,51955824,777,,
2017-09-25_5234,2017-09-25,5234,達興材料,twse,49.50,49.50,47.40,48.00,502897,24247456,-1.5,,93378101,277,,
2017-09-25_5243,2017-09-25,5243,乙盛-KY,twse,45.55,45.60,44.50,44.50,1383500,62031873,-1.05,,173528915,861,,
2017-09-25_5245,2017-09-25,5245,智晶,tpex,120.50,121.00,118.00,119.00,93000,11065000,-0.50,,47326000,77,,
2017-09-25_5251,2017-09-25,5251,天鉞電,tpex,27.30,27.30,26.00,26.30,77000,2039100,-1.15,,38054077,61,,
2017-09-25_5255,2017-09-25,5255,美桀,tpex,51.90,51.90,50.40,50.80,628000,32125400,0.00,,43075800,357,,
2017-09-25_5258,2017-09-25,5258,虹堡,twse,29.20,29.20,28.40,28.65,97000,2783400,-0.55,,74105405,69,,
2017-09-25_5259,2017-09-25,5259,奕智博,twse,6.44,6.44,5.52,5.52,307318,1848404,-0.43,,44525574,79,,
2017-09-25_5263,2017-09-25,5263,智崴,tpex,292.50,301.00,286.00,291.50,967000,285461500,0.00,,44677977,787,,
2017-09-25_5264,2017-09-25,5264,鎧勝-KY,twse,101.50,101.50,97.10,98.10,3544730,351095705,-2.9,,341206991,2305,,
2017-09-25_5269,2017-09-25,5269,祥碩,twse,348.00,348.00,331.50,331.50,753163,253368757,-13.5,,60037861,690,,
2017-09-25_5272,2017-09-25,5272,笙科,tpex,41.50,41.55,40.20,40.20,304000,12302400,-1.15,,57962118,207,,
2017-09-25_5274,2017-09-25,5274,信驊,tpex,708.00,745.00,695.00,725.00,271000,196071000,20.00,,33941827,263,,
2017-09-25_5276,2017-09-25,5276,達輝-KY,tpex,22.00,22.20,21.90,22.00,14000,308300,-0.30,,39500000,10,,
2017-09-25_5278,2017-09-25,5278,尚凡,tpex,49.90,49.90,48.15,49.35,31000,1505850,-0.55,,14234525,24,,
2017-09-25_5281,2017-09-25,5281,大峽谷-KY,tpex,24.10,24.45,24.00,24.35,94000,2278400,0.05,,37010000,43,,
2017-09-25_5284,2017-09-25,5284,jpp-KY,twse,64.80,65.00,63.90,64.00,102005,6551019,-0.3,,38610741,61,,
2017-09-25_5285,2017-09-25,5285,界霖,twse,78.60,78.70,73.20,74.10,4320962,326121175,-3.5,,74800000,2652,,
2017-09-25_5287,2017-09-25,5287,數字,tpex,235.00,235.00,222.00,229.00,89000,20332500,-6.00,,42583000,84,,
2017-09-25_5288,2017-09-25,5288,豐祥-KY,twse,87.30,87.90,86.80,86.80,122000,10614600,-1.2,,65753153,96,,
2017-09-25_5289,2017-09-25,5289,宜鼎,tpex,114.00,114.50,110.00,110.00,1426000,158598500,-3.50,,71236420,923,,
2017-09-25_5291,2017-09-25,5291,邑昇,tpex,17.10,17.20,16.70,16.80,161000,2724850,-0.10,,33474308,76,,
2017-09-25_5301,2017-09-25,5301,寶得利,tpex,20.30,20.35,20.00,20.20,55000,1107550,0.00,,117975000,33,,
2017-09-25_5302,2017-09-25,5302,太欣,tpex,6.80,7.09,6.66,7.09,3459000,23968240,0.64,,162377000,906,,
2017-09-25_5304,2017-09-25,5304,鼎創達,tpex,2.21,2.35,2.17,2.30,17000,39020,0.00,,185962436,8,,
2017-09-25_5305,2017-09-25,5305,敦南,twse,34.85,34.90,33.10,33.50,1869297,62886165,-1.0,,310450688,1069,,
2017-09-25_5306,2017-09-25,5306,桂盟,tpex,136.50,136.50,130.50,131.00,469000,62122500,-5.00,,120000000,371,,
2017-09-25_5309,2017-09-25,5309,系統電,tpex,9.41,9.41,9.18,9.18,472000,4366130,-0.27,,213638104,203,,
2017-09-25_5310,2017-09-25,5310,天剛,tpex,28.20,28.60,28.00,28.10,77000,2183450,-0.30,,49601237,26,,
2017-09-25_5312,2017-09-25,5312,寶島科,tpex,66.30,66.30,65.80,65.80,47000,3098800,-0.70,,60059898,32,,
2017-09-25_5314,2017-09-25,5314,世紀,tpex,5.27,5.73,5.27,5.73,16000,85150,-0.06,,60000000,7,,
2017-09-25_5315,2017-09-25,5315,光聯,tpex,18.25,18.25,17.55,17.70,494000,8769950,-0.50,,106351832,296,,
2017-09-25_5317,2017-09-25,5317,凱美,tpex,30.80,31.00,29.70,30.20,580000,17453000,-0.55,,134615405,330,,
2017-09-25_5321,2017-09-25,5321,友銓,tpex,23.90,23.90,23.40,23.40,15000,353050,-1.55,,28800000,15,,
2017-09-25_5324,2017-09-25,5324,士開,tpex,10.35,10.35,10.10,10.20,29000,293650,0.05,,106379090,13,,
2017-09-25_5328,2017-09-25,5328,華容,tpex,8.35,8.36,8.24,8.26,314000,2601550,-0.22,,173910724,128,,
2017-09-25_5340,2017-09-25,5340,建榮,tpex,9.37,9.39,8.80,8.92,1529000,13804210,-0.55,,165893964,490,,
2017-09-25_5344,2017-09-25,5344,立衛,tpex,7.80,7.86,7.30,7.30,79000,588890,-0.50,,79447460,50,,
2017-09-25_5345,2017-09-25,5345,天揚,tpex,7.77,8.64,7.73,8.22,612000,4844200,0.36,,50000000,72,,
2017-09-25_5347,2017-09-25,5347,世界,tpex,54.80,54.80,52.50,52.90,1881000,99551300,-1.90,,1638982267,1110,,
2017-09-25_5348,2017-09-25,5348,系通,tpex,,,,,0,0,,,25950310,0,無成交,
2017-09-25_5349,2017-09-25,5349,先豐,tpex,24.00,24.00,23.45,23.50,568000,13389500,-0.15,,224096373,353,,
2017-09-25_5351,2017-09-25,5351,鈺創,tpex,12.20,12.20,11.75,11.75,1908000,22678300,-0.40,,436939837,669,,
2017-09-25_5353,2017-09-25,5353,台林,tpex,12.70,12.70,12.00,12.25,316000,3861400,-0.45,,81850000,117,,
2017-09-25_5355,2017-09-25,5355,佳總,tpex,7.79,7.79,7.68,7.69,255000,1966780,-0.10,,166122792,73,,
2017-09-25_5356,2017-09-25,5356,協益,tpex,51.20,51.40,50.10,50.30,1279000,64544000,-1.10,,128800000,760,,
2017-09-25_5364,2017-09-25,5364,力麗店,tpex,22.30,22.30,22.10,22.10,13000,289700,-0.40,,14099940,7,,
2017-09-25_5371,2017-09-25,5371,中光電,tpex,35.60,35.60,35.00,35.00,958000,33661200,-0.60,,434423110,580,,
2017-09-25_5381,2017-09-25,5381,合正,tpex,5.60,5.60,5.56,5.56,166000,928100,-0.12,,285094388,38,,
2017-09-25_5383,2017-09-25,5383,金利,tpex,8.69,8.69,8.35,8.44,84000,715140,-0.25,,71414234,25,,
2017-09-25_5386,2017-09-25,5386,青雲,tpex,35.05,35.45,33.60,34.05,112000,3839750,-0.90,,13516047,86,,
2017-09-25_5388,2017-09-25,5388,中磊,twse,81.00,81.50,79.40,79.80,1181262,94507364,-1.1,,242919767,807,,
2017-09-25_5392,2017-09-25,5392,應華,tpex,52.60,52.60,50.10,50.10,1042000,52825700,-2.10,,108559657,616,,
2017-09-25_5398,2017-09-25,5398,慕康生醫,tpex,32.05,32.05,31.50,32.05,21000,667650,-0.40,,49950460,15,,
2017-09-25_5403,2017-09-25,5403,中菲,tpex,34.95,34.95,34.10,34.20,333000,11449500,-0.70,,62630041,156,,
2017-09-25_5410,2017-09-25,5410,國眾,tpex,13.50,13.65,13.35,13.40,432000,5816900,-0.10,,85900123,207,,
2017-09-25_5425,2017-09-25,5425,台半,tpex,51.70,52.00,48.50,50.00,4711000,236239850,-1.30,,240949327,2396,,
2017-09-25_5426,2017-09-25,5426,振發,tpex,14.25,14.40,14.20,14.25,463000,6612350,-0.35,,143800000,113,,
2017-09-25_5432,2017-09-25,5432,達威,tpex,22.20,22.95,21.75,22.95,10000,222550,0.75,,20687804,6,,
2017-09-25_5434,2017-09-25,5434,崇越,twse,75.40,75.70,73.60,74.00,753960,55969517,-1.8,,165899567,620,,
2017-09-25_5438,2017-09-25,5438,東友,tpex,16.55,16.55,15.80,15.90,1107000,17724800,-0.65,,112536565,353,,
2017-09-25_5439,2017-09-25,5439,高技,tpex,32.50,32.55,31.45,31.70,461000,14636050,-0.40,,85975752,280,,
2017-09-25_5443,2017-09-25,5443,均豪,tpex,22.55,22.65,21.50,21.80,994000,21677250,-0.70,,165136144,503,,
2017-09-25_5450,2017-09-25,5450,寶聯通,tpex,7.41,7.45,7.35,7.45,42000,310550,-0.05,,50392250,18,,
2017-09-25_5452,2017-09-25,5452,佶優,tpex,9.92,9.98,9.67,9.70,662000,6496260,-0.23,,148763669,203,,
2017-09-25_5455,2017-09-25,5455,昇益,tpex,10.65,10.65,10.60,10.60,2000,21250,-0.10,,65501813,2,,
2017-09-25_5457,2017-09-25,5457,宣德,tpex,51.30,51.30,46.35,46.35,7558000,356971000,-5.15,,167800000,3339,,
2017-09-25_5460,2017-09-25,5460,同協,tpex,12.80,12.80,12.65,12.80,95000,1209300,0.00,,72032030,45,,
2017-09-25_5464,2017-09-25,5464,霖宏,tpex,13.25,13.25,12.95,13.05,59000,770100,-0.10,,71071490,24,,
2017-09-25_5465,2017-09-25,5465,富驊,tpex,25.45,25.50,24.90,25.40,129000,3248550,-0.05,,144091811,74,,
2017-09-25_5468,2017-09-25,5468,凱鈺,tpex,5.97,5.97,5.23,5.23,27000,153720,-0.32,,69822909,9,,
2017-09-25_5469,2017-09-25,5469,瀚宇博,twse,15.60,15.65,15.20,15.25,1627285,24914528,-0.3,,450436180,567,,
2017-09-25_5471,2017-09-25,5471,松翰,twse,32.75,32.75,32.25,32.45,196100,6351735,-0.3,,167877062,139,,
2017-09-25_5474,2017-09-25,5474,聰泰,tpex,49.90,51.20,48.80,51.00,321000,16127450,2.35,,33729787,244,,
2017-09-25_5475,2017-09-25,5475,德宏,tpex,9.33,9.42,8.91,9.01,2430000,22065150,-0.46,,147911884,720,,
2017-09-25_5478,2017-09-25,5478,智冠,tpex,70.40,70.40,67.10,69.00,590000,40709300,-1.90,,127474332,461,,
2017-09-25_5480,2017-09-25,5480,統盟,tpex,12.55,12.60,12.40,12.45,333000,4166300,-0.10,,199097830,102,,
2017-09-25_5481,2017-09-25,5481,華韡,tpex,18.10,18.10,17.50,17.80,319000,5655050,0.00,,94693891,141,,
2017-09-25_5483,2017-09-25,5483,中美晶,tpex,67.20,68.20,66.30,66.80,18944000,1276097100,0.30,,580031151,9155,,
2017-09-25_5484,2017-09-25,5484,慧友,twse,5.30,5.39,5.26,5.39,52322,276769,-0.01,,115507847,23,,
2017-09-25_5487,2017-09-25,5487,通泰,tpex,24.60,24.60,24.00,24.60,26000,633500,0.00,,22134516,18,,
2017-09-25_5488,2017-09-25,5488,松普,tpex,7.76,7.79,7.70,7.73,73000,565370,-0.05,,91586124,27,,
2017-09-25_5489,2017-09-25,5489,彩富,tpex,34.80,34.90,34.65,34.80,34000,1180950,0.00,,104175441,25,,
2017-09-25_5490,2017-09-25,5490,同亨,tpex,58.50,58.60,56.90,57.80,469000,27062800,-0.70,,94396601,299,,
2017-09-25_5491,2017-09-25,5491,連展,tpex,9.00,9.00,8.75,8.76,438000,3856340,-0.26,,207290721,186,,
2017-09-25_5493,2017-09-25,5493,三聯,tpex,27.35,27.35,27.10,27.25,15000,407350,-0.10,,44264695,14,,
2017-09-25_5498,2017-09-25,5498,凱崴,tpex,12.15,12.25,11.65,12.00,9023000,108236800,0.20,,161895880,1787,,
2017-09-25_5508,2017-09-25,5508,永信建,tpex,32.40,32.40,30.50,30.90,483000,15025700,-1.50,,217428133,287,,
2017-09-25_5511,2017-09-25,5511,德昌,tpex,20.55,20.80,20.00,20.80,238000,4827050,0.00,,113442248,110,,
2017-09-25_5512,2017-09-25,5512,力麒,tpex,9.42,9.42,9.21,9.26,1393000,12925870,-0.16,,743992712,311,,
2017-09-25_5514,2017-09-25,5514,三豐,tpex,11.25,11.80,11.20,11.25,432000,4925050,-0.45,,176643300,250,,
2017-09-25_5515,2017-09-25,5515,建國,twse,11.25,11.25,10.20,10.40,1124884,11825738,-0.4,,337900131,446,,
2017-09-25_5516,2017-09-25,5516,雙喜,tpex,10.00,10.00,9.75,9.99,27000,267790,0.09,,38295000,11,,
2017-09-25_5519,2017-09-25,5519,隆大,twse,10.55,10.55,10.35,10.45,129000,1344350,-0.1,,183063468,60,,
2017-09-25_5520,2017-09-25,5520,力泰,tpex,26.50,26.50,26.50,26.50,109000,2888500,-0.10,down,70959112,9,,
2017-09-25_5521,2017-09-25,5521,工信,twse,11.90,12.45,11.90,12.40,7905736,96573698,0.65,,347527413,1257,,
2017-09-25_5522,2017-09-25,5522,遠雄,twse,34.75,34.75,33.70,33.75,1393087,47255931,-1.0,,835433241,901,,
2017-09-25_5523,2017-09-25,5523,豐謙,tpex,12.25,12.25,11.80,11.80,121000,1442250,-0.45,,112851835,40,,
2017-09-25_5525,2017-09-25,5525,順天,twse,14.25,14.25,13.85,14.00,122696,1713194,0.0,,253090819,50,,
2017-09-25_5529,2017-09-25,5529,志嘉,tpex,9.65,9.65,9.33,9.50,117000,1102390,-0.30,,104270202,48,,
2017-09-25_5530,2017-09-25,5530,龍巖,tpex,69.30,69.30,68.00,68.70,404000,27695700,-0.50,,420084199,265,,
2017-09-25_5531,2017-09-25,5531,鄉林,twse,10.25,10.25,10.05,10.05,424502,4295241,-0.15,,926425500,206,,
2017-09-25_5533,2017-09-25,5533,皇鼎,twse,15.60,15.60,15.35,15.50,319000,4918750,0.0,,285244944,26,,
2017-09-25_5534,2017-09-25,5534,長虹,twse,68.60,68.60,67.20,67.80,803020,54583747,-0.5,,290325960,466,,
2017-09-25_5536,2017-09-25,5536,聖暉,tpex,171.00,171.00,167.00,168.00,569000,95750000,-3.50,,47152819,447,,
2017-09-25_5538,2017-09-25,5538,東明-KY,twse,31.85,31.95,31.80,31.80,11000,350150,-0.05,,168000000,5,,
2017-09-25_5543,2017-09-25,5543,崇佑-KY,tpex,20.15,20.15,19.30,19.80,20000,395900,-1.35,,27199996,12,,
2017-09-25_5601,2017-09-25,5601,台聯櫃,tpex,,,,,0,0,,,64800000,0,無成交,
2017-09-25_5603,2017-09-25,5603,陸海,tpex,12.30,12.40,12.20,12.40,106000,1299700,0.00,,78324575,47,,
2017-09-25_5604,2017-09-25,5604,中連貨,tpex,30.00,30.25,29.60,30.25,10000,298900,-0.05,,108782968,6,,
2017-09-25_5607,2017-09-25,5607,遠雄港,twse,13.95,13.95,13.70,13.80,214100,2947730,-0.1,,169979100,69,,
2017-09-25_5608,2017-09-25,5608,四維航,twse,9.02,9.17,8.96,8.96,1151689,10419027,-0.01,,423560635,194,,
2017-09-25_5609,2017-09-25,5609,中菲行,tpex,22.30,22.30,21.90,22.15,331000,7289550,-0.15,,129000000,204,,
2017-09-25_5701,2017-09-25,5701,劍湖山,tpex,2.18,2.18,2.07,2.15,173000,368890,-0.03,,253756957,17,,
2017-09-25_5703,2017-09-25,5703,亞都,tpex,25.00,25.45,25.00,25.45,9000,226650,0.65,,70239594,4,,
2017-09-25_5704,2017-09-25,5704,老爺知,tpex,23.40,23.40,23.05,23.05,2000,46450,-0.75,,38861658,2,,
2017-09-25_5706,2017-09-25,5706,鳳凰,twse,34.20,34.40,34.00,34.30,97917,3341451,0.0,,64039575,49,,
2017-09-25_5820,2017-09-25,5820,日盛金,tpex,7.38,7.42,7.30,7.31,2000000,14680940,-0.07,,3542360671,442,,
2017-09-25_5871,2017-09-25,5871,中租-KY,twse,77.10,77.40,73.70,74.50,9185611,687139466,-3.1,,1139229994,5414,,
2017-09-25_5878,2017-09-25,5878,台名,tpex,42.65,42.70,42.10,42.50,7000,297750,-0.10,,23688000,7,,
2017-09-25_5880,2017-09-25,5880,合庫金,twse,15.55,15.60,15.50,15.55,9394932,145855638,0.0,,12202703627,3318,,
2017-09-25_5902,2017-09-25,5902,德記,tpex,12.40,12.40,12.40,12.40,10000,124000,0.00,flat,94500000,5,,
2017-09-25_5903,2017-09-25,5903,全家,tpex,180.50,181.50,179.50,180.00,52000,9371000,-2.00,,223220000,49,,
2017-09-25_5904,2017-09-25,5904,寶雅,tpex,375.00,379.50,372.50,373.00,77000,28806000,2.00,,97685031,53,,
2017-09-25_5905,2017-09-25,5905,南仁湖,tpex,7.79,7.79,7.69,7.70,111000,856990,-0.09,,203916957,50,,
2017-09-25_5906,2017-09-25,5906,台南-KY,twse,7.20,7.34,7.20,7.20,31728,229738,0.35,,60000000,21,,
2017-09-25_5907,2017-09-25,5907,大洋-KY,twse,23.80,23.80,22.90,22.95,258000,5965400,-0.75,,199499000,124,,
2017-09-25_6005,2017-09-25,6005,群益證,twse,10.30,10.30,10.05,10.10,3545047,35945764,-0.2,,2169072987,688,,
2017-09-25_6015,2017-09-25,6015,宏遠證,tpex,7.95,7.97,7.61,7.71,1298000,10030080,-0.24,,370000775,375,,
2017-09-25_6016,2017-09-25,6016,康和證,tpex,8.60,8.60,8.22,8.36,2038000,17058190,-0.21,,633336792,441,,
2017-09-25_6020,2017-09-25,6020,大展證,tpex,14.85,14.90,14.30,14.60,212000,3073400,-0.20,,252353154,72,,
2017-09-25_6021,2017-09-25,6021,大慶證,tpex,10.90,10.95,10.30,10.65,1344000,14168350,-0.15,,306755974,362,,
2017-09-25_6023,2017-09-25,6023,元大期,tpex,40.10,40.10,39.55,39.90,144000,5718450,-0.10,,232276288,105,,
2017-09-25_6024,2017-09-25,6024,群益期,tpex,44.95,44.95,43.50,43.75,933000,40864200,-1.20,,160397804,503,,
2017-09-25_6026,2017-09-25,6026,福邦證,tpex,13.75,13.80,12.90,13.10,4430000,58306350,-0.65,,241700000,980,,
2017-09-25_6101,2017-09-25,6101,弘捷,tpex,47.15,47.90,44.55,44.60,238000,10875250,-4.10,,69826850,162,,
2017-09-25_6103,2017-09-25,6103,合邦,tpex,,,,,0,0,,,57084974,0,無成交,
2017-09-25_6104,2017-09-25,6104,創惟,tpex,34.55,34.55,33.40,33.60,332000,11203900,-0.95,,90679184,213,,
2017-09-25_6105,2017-09-25,6105,瑞傳,tpex,49.70,49.70,49.70,49.70,104000,5168800,0.00,flat,109805175,60,,
2017-09-25_6107,2017-09-25,6107,華美,tpex,22.55,22.55,21.30,21.45,908000,19697800,-0.60,,87438057,423,,
2017-09-25_6108,2017-09-25,6108,競國,twse,30.70,30.90,29.90,30.00,2552002,77024210,-1.0,,159899311,1294,,
2017-09-25_6109,2017-09-25,6109,亞元,tpex,13.00,13.10,12.85,13.00,56000,723650,0.00,,72686518,28,,
2017-09-25_6111,2017-09-25,6111,大宇資,tpex,80.70,81.30,79.00,79.40,607000,48452800,-2.10,,48182830,520,,
2017-09-25_6112,2017-09-25,6112,邁達特,twse,29.10,29.15,28.80,28.80,244961,7072658,-0.3,,101121766,188,,
2017-09-25_6113,2017-09-25,6113,亞矽,tpex,9.65,9.78,9.50,9.61,85000,814650,-0.01,,50047100,63,,
2017-09-25_6114,2017-09-25,6114,久威,tpex,69.80,69.80,67.80,68.50,100000,6847500,-1.60,,41820893,78,,
2017-09-25_6115,2017-09-25,6115,鎰勝,twse,43.75,43.80,43.65,43.65,85856,3751747,-0.05,,187627189,62,,
2017-09-25_6116,2017-09-25,6116,彩晶,twse,12.25,12.35,11.60,11.70,70018928,831538196,-0.45,,3233933851,11350,,
2017-09-25_6117,2017-09-25,6117,迎廣,twse,18.00,18.00,17.00,17.65,20000,354650,0.05,,88650000,9,,
2017-09-25_6118,2017-09-25,6118,建達,tpex,7.42,7.42,7.13,7.20,503000,3642540,-0.20,,90889573,186,,
2017-09-25_6120,2017-09-25,6120,達運,twse,27.20,27.35,24.95,24.95,12267355,309276150,-2.75,,665555114,3437,,
2017-09-25_6122,2017-09-25,6122,擎邦,tpex,11.10,11.10,10.80,10.80,282000,3079350,-0.30,,68729089,92,,
2017-09-25_6123,2017-09-25,6123,上奇,tpex,38.90,38.90,37.30,37.85,525000,19820150,-1.10,,57825028,238,,
2017-09-25_6124,2017-09-25,6124,業強,tpex,24.35,24.35,24.20,24.20,2000,48550,0.20,,182479945,2,,
2017-09-25_6125,2017-09-25,6125,廣運,tpex,10.40,10.40,10.00,10.05,437000,4396050,-0.20,,254011150,147,,
2017-09-25_6126,2017-09-25,6126,信音,tpex,15.30,15.65,14.85,15.40,16113000,247938400,0.15,,118654886,2221,,
2017-09-25_6127,2017-09-25,6127,九豪,tpex,20.10,20.30,18.65,18.90,2639000,51028150,-1.10,,85963698,943,,
2017-09-25_6128,2017-09-25,6128,上福,twse,45.50,45.50,44.10,44.20,124689,5547830,-0.65,,87588740,81,,
2017-09-25_6129,2017-09-25,6129,普誠,tpex,7.82,7.87,7.60,7.64,239000,1830180,-0.18,,180943675,86,,
2017-09-25_6130,2017-09-25,6130,星寶國際,tpex,42.30,44.50,42.00,42.00,41000,1750150,-0.30,,26700000,29,,
2017-09-25_6131,2017-09-25,6131,鈞泰,twse,18.05,18.15,17.60,17.75,535529,9561036,-0.15,,101926533,190,,
2017-09-25_6133,2017-09-25,6133,金橋,twse,13.30,13.45,12.15,12.85,3645621,47390056,-0.15,,117006294,1496,,
2017-09-25_6134,2017-09-25,6134,萬旭,tpex,15.50,15.50,14.85,15.05,368000,5536100,-0.40,,94270574,160,,
2017-09-25_6136,2017-09-25,6136,富爾特,twse,23.90,23.90,23.70,23.70,108002,2563796,-0.2,,115536412,69,,
2017-09-25_6138,2017-09-25,6138,茂達,tpex,43.00,43.00,40.80,41.00,1809000,75137800,-1.95,,102772572,1120,,
2017-09-25_6139,2017-09-25,6139,亞翔,twse,35.20,35.30,33.75,33.80,2420706,82704373,-1.3,,216637495,1217,,
2017-09-25_6140,2017-09-25,6140,訊達,tpex,10.85,10.85,10.80,10.80,2000,21650,-0.05,,38367906,2,,
2017-09-25_6141,2017-09-25,6141,柏承,twse,19.35,19.40,18.05,18.20,2087300,38672305,-1.05,,133064450,775,,
2017-09-25_6142,2017-09-25,6142,友勁,twse,8.48,8.64,8.32,8.32,1520942,12792316,-0.18,,268235633,370,,
2017-09-25_6143,2017-09-25,6143,振曜,tpex,54.00,54.40,53.60,53.90,242000,13062500,-0.20,,83280897,147,,
2017-09-25_6144,2017-09-25,6144,得利影,tpex,9.01,9.29,9.01,9.29,25000,226290,-0.29,,73117806,11,,
2017-09-25_6145,2017-09-25,6145,勁永,twse,13.45,13.55,12.75,12.75,3206582,41644340,-0.7,,325533329,1093,,
2017-09-25_6146,2017-09-25,6146,耕興,tpex,150.00,151.00,147.00,147.50,130000,19234000,-2.50,,91344020,126,,
2017-09-25_6147,2017-09-25,6147,頎邦,tpex,51.90,54.70,50.60,53.50,22476000,1186693200,1.80,,654261998,10947,,
2017-09-25_6148,2017-09-25,6148,驊宏資,tpex,5.32,5.32,5.21,5.21,98000,516740,-0.11,,90002000,24,,
2017-09-25_6150,2017-09-25,6150,撼訊,tpex,28.30,28.30,25.85,27.10,415000,11150150,-1.20,,30264054,260,,
2017-09-25_6151,2017-09-25,6151,晉倫,tpex,24.50,24.50,24.00,24.10,214000,5169300,-0.45,,55257300,124,,
2017-09-25_6152,2017-09-25,6152,百一,twse,9.26,9.30,9.16,9.17,250900,2314173,-0.18,,172400463,90,,
2017-09-25_6153,2017-09-25,6153,嘉聯益,twse,24.15,24.55,22.90,23.25,9513933,225876140,-0.9,,323159665,3603,,
2017-09-25_6154,2017-09-25,6154,順發,tpex,16.60,16.60,16.55,16.60,37000,613550,0.00,,80080000,37,,
2017-09-25_6155,2017-09-25,6155,鈞寶,twse,18.95,18.95,18.55,18.65,232000,4343050,-0.5,,86168006,123,,
2017-09-25_6156,2017-09-25,6156,松上,tpex,28.80,28.80,27.50,27.55,778000,21661600,-1.25,,77381355,383,,
2017-09-25_6158,2017-09-25,6158,禾昌,tpex,21.45,21.90,21.25,21.65,1112000,24014400,0.50,,113468975,499,,
2017-09-25_6160,2017-09-25,6160,欣技,tpex,17.40,17.65,17.25,17.65,40000,693500,0.25,,68489120,17,,
2017-09-25_6161,2017-09-25,6161,捷波,tpex,14.85,14.90,14.25,14.25,1369000,19842850,-0.70,,120833290,424,,
2017-09-25_6163,2017-09-25,6163,華電網,tpex,11.80,11.80,11.55,11.65,390000,4534300,0.00,,103481692,106,,
2017-09-25_6164,2017-09-25,6164,華興,twse,13.70,13.70,13.40,13.55,205662,2779396,-0.1,,100000239,113,,
2017-09-25_6165,2017-09-25,6165,浪凡,twse,46.00,48.80,44.05,47.10,1142111,53683650,0.9,,49682403,556,,
2017-09-25_6166,2017-09-25,6166,凌華,twse,65.00,65.00,64.60,64.60,132657,8597939,-0.5,,217505834,120,,
2017-09-25_6167,2017-09-25,6167,久正,tpex,8.87,8.87,8.54,8.60,1188000,10264130,-0.29,,162173221,419,,
2017-09-25_6168,2017-09-25,6168,宏齊,twse,15.20,15.20,14.30,14.70,2115774,30926172,-0.5,,206069801,856,,
2017-09-25_6169,2017-09-25,6169,昱泉,tpex,49.50,49.50,46.30,46.30,315000,14917350,-2.40,,35473750,247,,
2017-09-25_6170,2017-09-25,6170,統振,tpex,9.80,9.80,9.52,9.55,124000,1195340,-0.25,,89670038,83,,
2017-09-25_6171,2017-09-25,6171,亞銳士,tpex,11.45,11.45,11.45,11.45,1000,11450,0.05,up,75351921,1,,
2017-09-25_6172,2017-09-25,6172,互億,twse,9.99,10.25,9.99,10.25,2999,30579,0.05,,30000000,3,,
2017-09-25_6173,2017-09-25,6173,信昌電,tpex,35.40,35.50,32.30,32.30,4864000,160159250,-3.55,,172000000,2385,,
2017-09-25_6174,2017-09-25,6174,安碁,tpex,13.60,13.75,13.45,13.75,29000,394200,0.00,,50000000,14,,
2017-09-25_6175,2017-09-25,6175,立敦,tpex,23.95,23.95,23.15,23.15,1114000,26049850,-0.80,,137870516,495,,
2017-09-25_6176,2017-09-25,6176,瑞儀,twse,70.00,70.30,67.00,67.20,8356061,565921261,-3.2,,465027263,5439,,
2017-09-25_6177,2017-09-25,6177,達麗,twse,35.00,35.00,33.95,35.00,546228,18761902,0.1,,228661857,323,,
2017-09-25_6179,2017-09-25,6179,亞通,tpex,47.60,47.60,47.00,47.50,118000,5588400,-0.10,,62156326,73,,
2017-09-25_6180,2017-09-25,6180,橘子,tpex,79.20,79.40,72.10,72.10,10248000,760180600,-8.00,,157593615,6157,,
2017-09-25_6182,2017-09-25,6182,合晶,tpex,31.20,31.45,30.05,30.50,80383000,2475143800,0.05,,451266660,25307,,
2017-09-25_6183,2017-09-25,6183,關貿,twse,29.50,29.50,29.00,29.45,77167,2249601,-0.15,,150000000,39,,
2017-09-25_6184,2017-09-25,6184,大豐電,twse,35.45,35.45,35.25,35.30,63957,2257229,-0.15,,158230657,46,,
2017-09-25_6185,2017-09-25,6185,幃翔,tpex,20.25,20.25,19.85,19.85,233000,4645350,-0.40,,123612726,134,,
2017-09-25_6186,2017-09-25,6186,新潤,tpex,18.75,18.75,18.15,18.20,73000,1333750,-0.55,,71690408,40,,
2017-09-25_6187,2017-09-25,6187,萬潤,tpex,65.00,65.60,62.30,62.30,4202000,267564700,-0.90,,84238902,2580,,
2017-09-25_6188,2017-09-25,6188,廣明,tpex,42.50,42.75,41.35,41.70,1912000,79813500,-0.70,,278358910,1107,,
2017-09-25_6189,2017-09-25,6189,豐藝,twse,28.40,28.40,27.95,28.00,466214,13106950,-0.4,,179045194,230,,
2017-09-25_6190,2017-09-25,6190,萬泰科,tpex,13.80,13.95,13.50,13.85,845000,11546500,0.15,,140368537,303,,
2017-09-25_6191,2017-09-25,6191,精成科,twse,13.00,13.00,12.20,12.25,3881619,48576347,-0.7,,523546903,1135,,
2017-09-25_6192,2017-09-25,6192,巨路,twse,60.60,60.60,58.80,59.20,201949,11992691,-1.6,,106839745,210,,
2017-09-25_6194,2017-09-25,6194,育富,tpex,19.20,19.25,18.75,19.00,188000,3560700,-0.20,,78000000,66,,
2017-09-25_6195,2017-09-25,6195,詩肯,tpex,54.10,54.10,53.20,53.50,74000,3978300,-0.60,,43438037,49,,
2017-09-25_6196,2017-09-25,6196,帆宣,twse,39.65,39.75,38.60,38.70,2544009,98762942,-0.95,,171501866,1271,,
2017-09-25_6198,2017-09-25,6198,凌泰,tpex,24.50,24.50,24.30,24.40,7000,170800,-0.60,,20135350,5,,
2017-09-25_6199,2017-09-25,6199,天品,tpex,24.10,25.80,24.10,25.80,2000,49900,0.55,,61760018,2,,
2017-09-25_6201,2017-09-25,6201,亞弘電,twse,29.20,29.35,29.10,29.10,47038,1370719,-0.1,,89200000,37,,
2017-09-25_6202,2017-09-25,6202,盛群,twse,55.80,56.00,54.90,55.00,533651,29512099,-0.7,,226168200,470,,
2017-09-25_6203,2017-09-25,6203,海韻電,tpex,29.50,29.50,29.50,29.50,44000,1298000,-0.20,down,79953277,24,,
2017-09-25_6204,2017-09-25,6204,艾華,tpex,23.00,23.00,22.70,22.95,38000,866850,0.00,,36097000,20,,
2017-09-25_6205,2017-09-25,6205,詮欣,twse,35.60,35.75,34.70,34.80,225000,7896850,-0.75,,71839079,130,,
2017-09-25_6206,2017-09-25,6206,飛捷,twse,90.00,90.00,88.00,88.00,212495,18884754,-1.8,,146368324,179,,
2017-09-25_6207,2017-09-25,6207,雷科,tpex,31.60,31.60,28.80,30.00,765000,22988800,-1.50,,83954589,466,,
2017-09-25_6208,2017-09-25,6208,日揚,tpex,24.85,24.85,23.55,23.70,1429000,34178050,-1.15,,98993565,639,,
2017-09-25_6209,2017-09-25,6209,今國光,twse,50.10,50.10,46.80,46.80,15493628,744633745,-3.1,,162575681,8982,,
2017-09-25_6210,2017-09-25,6210,慶生,tpex,40.50,40.55,39.75,40.30,67000,2690550,-0.10,,35048000,42,,
2017-09-25_6212,2017-09-25,6212,理銘,tpex,26.90,27.00,26.50,27.00,26000,695500,0.10,,102000000,5,,
2017-09-25_6213,2017-09-25,6213,聯茂,twse,57.50,57.90,54.40,55.00,2977505,164889569,-2.4,,302957218,1761,,
2017-09-25_6214,2017-09-25,6214,精誠,twse,58.00,58.00,57.20,57.30,650144,37329608,-0.7,,269393304,478,,
2017-09-25_6215,2017-09-25,6215,和椿,twse,18.85,19.05,18.05,18.05,1237001,22661420,-1.0,,82789693,611,,
2017-09-25_6216,2017-09-25,6216,居易,twse,28.95,29.00,28.70,28.70,150485,4344064,-0.25,,81247137,106,,
2017-09-25_6217,2017-09-25,6217,中探針,tpex,36.55,36.60,35.80,35.80,329000,11854900,-0.60,,63845185,217,,
2017-09-25_6218,2017-09-25,6218,豪勉,tpex,18.60,18.60,18.30,18.45,109000,2006600,-0.15,,64262000,55,,
2017-09-25_6219,2017-09-25,6219,富旺,tpex,10.30,10.30,10.05,10.20,61000,619300,-0.10,,154016276,17,,
2017-09-25_6220,2017-09-25,6220,岳豐,tpex,66.40,66.50,63.30,63.50,3267000,209788900,-2.50,,124554488,1882,,
2017-09-25_6221,2017-09-25,6221,晉泰,tpex,24.75,24.85,24.55,24.60,289000,7134600,-0.15,,39690608,45,,
2017-09-25_6222,2017-09-25,6222,上揚,tpex,7.13,7.13,7.13,7.13,453000,3229890,-0.79,down,28785442,68,,
2017-09-25_6223,2017-09-25,6223,旺矽,tpex,73.90,73.90,70.70,70.90,756000,54061600,-2.80,,79901388,556,,
2017-09-25_6224,2017-09-25,6224,聚鼎,twse,56.00,56.30,55.10,55.10,279001,15447154,-0.5,,80001838,169,,
2017-09-25_6225,2017-09-25,6225,天瀚,twse,2.98,2.99,2.98,2.99,38439,114610,0.01,,98472655,10,,
2017-09-25_6226,2017-09-25,6226,光鼎,twse,10.20,10.20,9.81,9.96,1085528,10798636,-0.04,,95430802,350,,
2017-09-25_6227,2017-09-25,6227,茂綸,tpex,19.70,19.75,19.20,19.35,140000,2724350,-0.30,,76111786,65,,
2017-09-25_6228,2017-09-25,6228,全譜,tpex,10.00,10.00,9.96,9.96,3000,29920,-0.09,,21223141,2,,
2017-09-25_6229,2017-09-25,6229,研通,tpex,17.25,17.40,16.65,16.70,383000,6482400,-0.50,,36087700,201,,
2017-09-25_6230,2017-09-25,6230,尼得科超眾,twse,98.80,98.80,93.00,93.90,930550,88189374,-4.9,,86343396,670,,
2017-09-25_6231,2017-09-25,6231,系微,tpex,55.20,55.20,52.00,52.00,602000,31987700,-2.50,,38043488,401,,
2017-09-25_6233,2017-09-25,6233,旺玖,tpex,11.00,11.00,10.50,10.65,296000,3169800,-0.30,,84574896,103,,
2017-09-25_6234,2017-09-25,6234,高僑,tpex,18.70,18.80,18.00,18.25,302000,5493400,-0.40,,92864383,134,,
2017-09-25_6235,2017-09-25,6235,華孚,twse,17.20,17.20,16.70,16.70,508452,8556295,-0.45,,165054606,216,,
2017-09-25_6236,2017-09-25,6236,康呈,tpex,21.10,21.30,20.35,20.35,30000,625200,-0.95,,31654039,19,,
2017-09-25_6237,2017-09-25,6237,驊訊,tpex,25.00,25.10,23.20,24.00,1127000,27119950,-1.00,,78136371,669,,
2017-09-25_6238,2017-09-25,6238,勝麗,tpex,269.00,269.50,256.00,263.00,1463000,384046000,-6.00,,49585114,1036,,
2017-09-25_6239,2017-09-25,6239,力成,twse,89.40,89.50,87.90,88.00,1829956,161341468,-0.8,,779146634,1144,,
2017-09-25_6240,2017-09-25,6240,松崗,tpex,29.50,30.45,29.50,30.45,2000,59950,-0.05,,23098370,2,,
2017-09-25_6241,2017-09-25,6241,易通展,tpex,13.70,13.80,13.50,13.50,23000,312800,-0.30,,23717288,12,,
2017-09-25_6242,2017-09-25,6242,立康,tpex,45.40,45.40,44.00,44.00,10000,446600,-1.35,,22200000,9,,
2017-09-25_6243,2017-09-25,6243,迅杰,twse,17.80,19.10,17.50,19.10,2721223,49993800,1.7,,74976693,1233,,
2017-09-25_6244,2017-09-25,6244,茂迪,tpex,23.70,23.95,23.40,23.50,4339000,102695850,0.00,,540165908,1876,,
2017-09-25_6245,2017-09-25,6245,立端,tpex,42.50,42.85,41.65,42.60,354000,14897300,0.15,,104649438,171,,
2017-09-25_6246,2017-09-25,6246,臺龍,tpex,20.70,20.70,20.70,20.70,2000,41400,-0.20,down,24019010,2,,
2017-09-25_6247,2017-09-25,6247,淇譽電,tpex,12.15,12.40,11.55,12.30,65000,775050,-0.30,,60321000,43,,
2017-09-25_6248,2017-09-25,6248,沛波,tpex,,,,,0,0,,,30675184,0,無成交,
2017-09-25_6251,2017-09-25,6251,定穎,twse,11.75,11.80,11.50,11.60,2556301,29676188,-0.15,,281059335,590,,
2017-09-25_6257,2017-09-25,6257,矽格,twse,26.00,26.00,25.20,25.35,1330981,33817161,-0.55,,359886543,669,,
2017-09-25_6259,2017-09-25,6259,百徽,tpex,,,,,0,0,,,72936430,0,無成交,
2017-09-25_6261,2017-09-25,6261,久元,tpex,59.20,59.50,54.80,55.50,3292000,185298200,-4.10,,128497989,1951,,
2017-09-25_6263,2017-09-25,6263,普萊德,tpex,54.10,54.10,53.10,53.10,209000,11142700,-1.20,,62500964,156,,
2017-09-25_6264,2017-09-25,6264,富裔,tpex,6.32,6.40,6.30,6.39,31000,196240,0.07,,116355291,8,,
2017-09-25_6265,2017-09-25,6265,方土昶,tpex,6.96,7.09,6.96,6.99,314000,2198600,-0.04,,118172151,113,,
2017-09-25_6266,2017-09-25,6266,泰詠,tpex,13.30,13.40,12.85,13.15,766000,10014300,-0.30,,92197356,248,,
2017-09-25_6269,2017-09-25,6269,台郡,twse,114.50,114.50,108.00,108.00,8826541,972113428,-6.0,,317991158,4799,,
2017-09-25_6270,2017-09-25,6270,倍微,tpex,14.30,14.85,14.00,14.00,5572000,80227500,0.20,,72145759,2130,,
2017-09-25_6271,2017-09-25,6271,同欣電,twse,124.50,124.50,119.00,119.50,1123001,136012122,-5.0,,165357520,888,,
2017-09-25_6274,2017-09-25,6274,台燿,tpex,81.40,82.00,77.70,78.80,2112000,166768700,-2.10,,243993208,1418,,
2017-09-25_6275,2017-09-25,6275,元山,tpex,19.15,19.15,17.35,18.00,1603000,29008400,-1.05,,56613083,656,,
2017-09-25_6276,2017-09-25,6276,安鈦克,tpex,12.60,12.95,12.60,12.95,59000,751900,0.35,,33733000,38,,
2017-09-25_6277,2017-09-25,6277,宏正,twse,77.20,77.20,76.20,76.30,82260,6295220,-0.8,,119471166,62,,
2017-09-25_6278,2017-09-25,6278,台表科,twse,26.80,26.85,25.90,26.05,1283071,33608686,-0.75,,295398353,707,,
2017-09-25_6279,2017-09-25,6279,胡連,tpex,175.50,176.50,171.00,172.00,981000,170749000,-2.00,,97181705,755,,
2017-09-25_6281,2017-09-25,6281,全國電,twse,62.70,62.70,62.20,62.20,150300,9385510,-0.5,,99172945,80,,
2017-09-25_6282,2017-09-25,6282,康舒,twse,24.05,24.20,23.40,23.40,4933603,116533855,-0.5,,518381295,2552,,
2017-09-25_6283,2017-09-25,6283,淳安,twse,46.25,46.50,45.25,45.80,750597,34231165,-0.45,,133920143,444,,
2017-09-25_6284,2017-09-25,6284,佳邦,tpex,27.70,27.70,26.55,26.85,675000,18141250,-0.85,,102558254,289,,
2017-09-25_6285,2017-09-25,6285,啟碁,twse,89.60,89.60,87.20,87.20,2674320,234928512,-2.6,,366871854,1873,,
2017-09-25_6287,2017-09-25,6287,元隆,tpex,4.20,4.20,4.20,4.20,21000,88200,-0.20,down,318145590,5,,
2017-09-25_6289,2017-09-25,6289,華上,twse,3.10,3.10,2.75,2.93,475409,1424193,0.03,,269260452,59,,
2017-09-25_6290,2017-09-25,6290,良維,tpex,55.10,55.40,52.60,53.90,3281000,176534500,-1.20,,132072662,1795,,
2017-09-25_6291,2017-09-25,6291,沛亨,tpex,4.35,4.35,4.03,4.03,11000,45960,-0.32,,20000000,5,,
2017-09-25_6292,2017-09-25,6292,迅德,tpex,31.30,31.30,31.00,31.10,29000,902100,-0.20,,46900712,25,,
2017-09-25_6294,2017-09-25,6294,智基,tpex,102.00,102.00,101.00,101.00,25000,2536500,-0.50,,21275100,24,,
2017-09-25_6298,2017-09-25,6298,崴強,tpex,18.60,18.80,18.40,18.65,1010000,18724200,-0.35,,168951974,385,,
2017-09-25_6404,2017-09-25,6404,通訊-KY,tpex,16.50,16.50,16.00,16.05,153000,2473500,-0.45,,37904000,84,,
2017-09-25_6405,2017-09-25,6405,悅城,twse,25.70,25.70,23.70,23.75,434000,10485050,-1.75,,65800000,235,,
2017-09-25_6409,2017-09-25,6409,旭隼,twse,573.00,593.00,566.00,588.00,283742,165596554,13.0,,78688430,287,,
2017-09-25_6411,2017-09-25,6411,晶焱,tpex,89.70,90.30,84.30,87.00,1578000,136836800,-2.60,,69860580,1168,,
2017-09-25_6412,2017-09-25,6412,群電,twse,57.70,58.30,57.20,58.00,493468,28440902,-0.1,,382277554,382,,
2017-09-25_6414,2017-09-25,6414,樺漢,twse,443.00,445.00,430.00,433.00,461271,200809343,-8.0,,76388434,461,,
2017-09-25_6415,2017-09-25,6415,矽力*-KY,twse,704.00,712.00,695.00,706.00,201174,141850148,1.0,,86525311,203,,
2017-09-25_6417,2017-09-25,6417,韋僑,tpex,33.80,34.00,33.50,33.90,21000,708900,0.00,,35614000,13,,
2017-09-25_6419,2017-09-25,6419,京晨科,tpex,15.85,15.85,15.50,15.60,29000,453350,-0.30,,22045170,21,,
2017-09-25_6422,2017-09-25,6422,君耀-KY,twse,68.00,69.90,63.80,63.90,1881480,126492770,-2.2,,41737875,1403,,
2017-09-25_6426,2017-09-25,6426,統新,tpex,108.00,109.50,106.00,106.00,1321000,142454500,-1.00,,33509000,1000,,
2017-09-25_6431,2017-09-25,6431,光麗-KY,twse,10.25,10.60,10.20,10.25,146000,1518200,0.05,,45642835,58,,
2017-09-25_6432,2017-09-25,6432,今展科,tpex,18.75,18.80,18.55,18.55,46000,859100,-0.20,,20311658,17,,
2017-09-25_6435,2017-09-25,6435,大中,tpex,90.00,92.80,86.50,89.70,1044000,94177100,1.00,,33063000,830,,
2017-09-25_6438,2017-09-25,6438,迅得,tpex,76.60,77.20,73.40,73.70,1137000,85109200,-3.80,,52800000,819,,
2017-09-25_6442,2017-09-25,6442,光聖,twse,45.55,45.55,44.15,44.70,273000,12151850,0.05,,66000000,174,,
2017-09-25_6443,2017-09-25,6443,元晶,twse,9.92,10.05,9.81,9.99,1439484,14339263,0.07,,426855000,399,,
2017-09-25_6446,2017-09-25,6446,藥華藥,tpex,143.50,150.00,143.50,149.00,712000,105088000,2.50,,218934568,523,,
2017-09-25_6449,2017-09-25,6449,鈺邦,twse,40.40,40.40,38.50,39.00,1430128,56112392,-1.7,,73190126,703,,
2017-09-25_6451,2017-09-25,6451,訊芯-KY,twse,104.50,105.50,99.00,100.00,1212000,122345700,-5.5,,105446800,752,,
2017-09-25_6452,2017-09-25,6452,康友-KY,twse,417.00,420.00,412.50,419.50,242010,101044840,3.5,,65000000,208,,
2017-09-25_6456,2017-09-25,6456,GIS-KY,twse,312.50,314.50,297.50,301.00,7883242,2400410584,-11.0,,339439800,5760,,
2017-09-25_6457,2017-09-25,6457,紘康,tpex,29.65,29.65,29.40,29.45,42000,1238600,-0.60,,28898703,30,,
2017-09-25_6462,2017-09-25,6462,神盾,tpex,264.00,264.50,251.00,251.00,2131000,550528000,-8.50,,69847754,1828,,
2017-09-25_6464,2017-09-25,6464,台數科,twse,115.00,115.00,115.00,115.00,1000,115000,0.0,flat,128529240,1,,
2017-09-25_6465,2017-09-25,6465,威潤,tpex,74.00,74.60,73.10,74.60,30000,2215200,-0.20,,30072585,15,,
2017-09-25_6469,2017-09-25,6469,大樹,tpex,88.00,88.80,87.90,87.90,20000,1763700,-0.60,,30501450,18,,
2017-09-25_6470,2017-09-25,6470,宇智,tpex,41.00,41.00,39.50,40.05,124000,4964650,-1.30,,32694100,101,,
2017-09-25_6472,2017-09-25,6472,保瑞,tpex,35.90,35.90,33.05,34.30,109000,3703550,-1.70,,26462000,79,,
2017-09-25_6477,2017-09-25,6477,安集,twse,22.50,23.60,22.05,23.40,5045200,116073978,1.75,,82456570,2450,,
2017-09-25_6482,2017-09-25,6482,弘煜科,tpex,,,,,0,0,,,15602400,0,無成交,
2017-09-25_6485,2017-09-25,6485,點序,tpex,39.05,39.05,38.10,38.35,53000,2042650,-0.70,,34223050,40,,
2017-09-25_6486,2017-09-25,6486,互動,tpex,52.50,52.80,50.30,50.50,515000,26219300,-1.80,,46180000,387,,
2017-09-25_6488,2017-09-25,6488,環球晶,tpex,316.50,324.00,313.00,315.50,9815000,3120916000,7.50,,437250000,7501,,
2017-09-25_6492,2017-09-25,6492,生華科,tpex,84.00,86.90,83.00,84.50,174000,14761000,0.50,,74295620,146,,
2017-09-25_6494,2017-09-25,6494,九齊,tpex,64.00,64.00,61.10,62.10,101000,6285100,-0.50,,26559690,69,,
2017-09-25_6496,2017-09-25,6496,科懋,tpex,75.00,79.30,74.50,78.70,697000,53788900,4.20,,46667000,588,,
2017-09-25_6497,2017-09-25,6497,亞獅康-KY,tpex,39.55,39.55,38.30,38.50,113000,4390700,-1.05,,130128940,93,,
2017-09-25_6499,2017-09-25,6499,益安,tpex,86.00,86.00,85.60,85.60,22000,1886900,-1.10,,51466304,22,,
2017-09-25_6504,2017-09-25,6504,南六,twse,155.00,155.00,152.50,155.00,50186,7731609,0.0,,72600000,49,,
2017-09-25_6505,2017-09-25,6505,台塑化,twse,104.50,105.50,104.00,105.50,2188146,228657830,1.0,,9525959652,1037,,
2017-09-25_6506,2017-09-25,6506,雙邦,tpex,21.10,21.25,20.70,21.15,68000,1428800,0.10,,78394088,42,,
2017-09-25_6508,2017-09-25,6508,惠光,tpex,25.55,25.60,25.35,25.55,78000,1988300,0.00,,83021173,49,,
2017-09-25_6509,2017-09-25,6509,聚和,tpex,19.35,19.50,18.55,18.75,2097000,39408350,-0.50,,162765566,946,,
2017-09-25_6510,2017-09-25,6510,精測,tpex,1295.00,1300.00,1205.00,1230.00,426000,529130000,-70.00,,30789022,412,,
2017-09-25_6512,2017-09-25,6512,啟發電,tpex,23.40,23.80,23.30,23.80,6000,140400,-0.15,,25000000,6,,
2017-09-25_6514,2017-09-25,6514,芮特-KY,tpex,39.20,39.20,39.00,39.00,17000,664050,-0.55,,24562505,13,,
2017-09-25_6523,2017-09-25,6523,達爾膚,tpex,138.00,139.00,138.00,139.00,10000,1385000,-4.50,,45815625,10,,
2017-09-25_6525,2017-09-25,6525,捷敏-KY,twse,61.50,61.50,59.50,59.80,797100,47965219,-1.7,,106650731,446,,
2017-09-25_6531,2017-09-25,6531,愛普*,twse,80.00,80.00,78.20,79.80,283001,22394079,-0.2,,70630260,225,,
2017-09-25_6532,2017-09-25,6532,瑞耘,tpex,27.95,28.05,27.40,27.60,176000,4866250,-0.30,,31626725,107,,
2017-09-25_6533,2017-09-25,6533,晶心科,twse,132.50,135.00,130.00,131.50,370105,48578860,-1.5,,40611915,299,,
2017-09-25_6535,2017-09-25,6535,順藥,tpex,32.70,32.70,31.90,31.90,116000,3721900,-0.45,,95365400,61,,
2017-09-25_6538,2017-09-25,6538,倉和,tpex,38.60,39.20,38.50,39.20,11000,425000,0.10,,30300000,9,,
2017-09-25_6542,2017-09-25,6542,隆中,tpex,63.00,64.00,61.80,62.10,99000,6192400,-0.10,,31500630,87,,
2017-09-25_6548,2017-09-25,6548,長華科,tpex,412.00,413.00,406.00,406.00,110000,45008500,-7.50,,30107105,92,,
2017-09-25_6552,2017-09-25,6552,易華電,twse,34.20,34.75,34.00,34.40,432000,14808450,0.25,,100000000,262,,
2017-09-25_6554,2017-09-25,6554,中美冠科-KY,tpex,42.50,42.50,40.05,40.20,381000,15478800,-2.30,,143670354,264,,
2017-09-25_6560,2017-09-25,6560,欣普羅,tpex,45.80,45.80,43.70,44.00,75000,3328300,-2.00,,17151446,61,,
2017-09-25_6568,2017-09-25,6568,宏觀,tpex,201.00,217.00,199.00,207.50,1529000,319913000,9.50,,24700900,1351,,
2017-09-25_6569,2017-09-25,6569,醫揚,tpex,197.50,198.50,184.00,184.00,90000,17284500,-14.50,,20007471,90,,
2017-09-25_6574,2017-09-25,6574,霈方,tpex,127.00,127.50,123.50,126.50,15000,1890500,-2.50,,21990000,13,,
2017-09-25_6577,2017-09-25,6577,勁豐,tpex,56.00,56.00,55.10,55.10,24000,1328800,-0.90,,39452870,21,,
2017-09-25_6579,2017-09-25,6579,研揚,twse,99.10,99.10,96.00,96.70,219140,21220800,-2.3,,106800000,181,,
2017-09-25_6582,2017-09-25,6582,申豐,twse,57.80,57.80,56.10,56.20,122000,6890500,-1.6,,104264141,100,,
2017-09-25_6594,2017-09-25,6594,展匯科,tpex,38.85,38.85,37.05,37.55,101000,3780250,-1.30,,19300000,89,,
2017-09-25_6603,2017-09-25,6603,富強鑫,tpex,13.35,13.35,12.60,12.65,900000,11542750,-0.70,,128194006,315,,
2017-09-25_6605,2017-09-25,6605,帝寶,twse,80.80,80.80,79.80,80.00,104095,8338876,-0.8,,165816397,98,,
2017-09-25_6609,2017-09-25,6609,瀧澤科,tpex,23.45,23.55,23.05,23.25,37000,858150,-0.10,,71035535,30,,
2017-09-25_6803,2017-09-25,6803,崑鼎,tpex,166.00,166.00,163.50,165.00,110000,18115000,-1.00,,66790148,82,,
2017-09-25_7402,2017-09-25,7402,邑錡,tpex,59.50,61.50,58.50,61.50,10000,603000,1.00,,21468327,10,,
2017-09-25_8011,2017-09-25,8011,台通,twse,22.95,23.00,22.55,22.60,542398,12302453,-0.4,,118028447,250,,
2017-09-25_8016,2017-09-25,8016,矽創,twse,88.00,88.10,79.30,83.10,1606100,134355800,-4.9,,120637611,1294,,
2017-09-25_8021,2017-09-25,8021,尖點,twse,20.85,20.95,20.40,20.60,768745,15854033,-0.25,,159478296,419,,
2017-09-25_8024,2017-09-25,8024,佑華,tpex,11.25,11.40,11.20,11.40,90000,1017700,0.00,,46013100,26,,
2017-09-25_8027,2017-09-25,8027,鈦昇,tpex,38.30,38.30,34.70,35.00,4009000,145461850,-3.00,,76022239,1943,,
2017-09-25_8032,2017-09-25,8032,光菱,tpex,24.20,24.30,24.10,24.15,60000,1450050,-0.15,,51810300,27,,
2017-09-25_8034,2017-09-25,8034,榮群,tpex,12.70,12.70,11.65,12.55,2401000,29395000,-0.10,,62873725,525,,
2017-09-25_8038,2017-09-25,8038,長園科,tpex,51.10,51.90,49.00,49.50,345000,17168800,-1.50,,56585540,245,,
2017-09-25_8039,2017-09-25,8039,台虹,twse,49.50,49.60,48.55,48.85,1959982,96302064,-0.05,,208445192,1005,,
2017-09-25_8040,2017-09-25,8040,九暘,tpex,7.42,7.42,7.36,7.36,63000,465250,-0.06,,82725258,20,,
2017-09-25_8042,2017-09-25,8042,金山電,tpex,56.20,56.20,54.30,54.40,688000,37696500,-1.30,,112236778,441,,
2017-09-25_8043,2017-09-25,8043,蜜望實,tpex,20.80,20.80,20.10,20.20,98000,1979850,-0.25,,79907170,35,,
2017-09-25_8044,2017-09-25,8044,網家,tpex,165.00,165.50,156.50,157.00,1343000,213422000,-9.00,,117159446,1107,,
2017-09-25_8046,2017-09-25,8046,南電,twse,24.10,24.15,23.80,23.90,525932,12587721,-0.1,,646165487,235,,
2017-09-25_8047,2017-09-25,8047,星雲,tpex,12.00,12.00,11.90,12.00,7000,83650,0.00,,41473843,6,,
2017-09-25_8048,2017-09-25,8048,德勝,tpex,36.10,36.30,34.85,35.80,391000,13846150,-0.20,,53264938,249,,
2017-09-25_8049,2017-09-25,8049,晶采,tpex,18.70,18.80,17.80,17.95,2084000,37934350,-0.75,,118234308,654,,
2017-09-25_8050,2017-09-25,8050,廣積,tpex,55.00,55.30,53.80,53.80,614000,33417300,-1.20,,123720992,388,,
2017-09-25_8054,2017-09-25,8054,安國,tpex,19.75,19.75,19.40,19.50,296000,5774100,0.00,,73875182,154,,
2017-09-25_8059,2017-09-25,8059,凱碩,tpex,10.30,10.30,10.05,10.05,120000,1213100,-0.25,,91118000,54,,
2017-09-25_8064,2017-09-25,8064,東捷,tpex,16.65,16.80,16.05,16.25,958000,15671150,-0.40,,164703836,381,,
2017-09-25_8066,2017-09-25,8066,來思達,tpex,119.50,125.00,117.00,124.50,593000,71830000,5.00,,30152304,312,,
2017-09-25_8067,2017-09-25,8067,志旭,tpex,6.00,6.14,5.85,6.14,20000,118600,0.15,,44755439,11,,
2017-09-25_8068,2017-09-25,8068,全達,tpex,35.00,35.00,32.00,32.20,96000,3213950,-1.70,,66955992,67,,
2017-09-25_8069,2017-09-25,8069,元太,tpex,44.90,45.15,43.00,43.65,13791000,607577000,-1.95,,1140467715,6077,,
2017-09-25_8070,2017-09-25,8070,長華*,twse,140.00,140.00,135.00,137.00,395100,54219900,-3.0,,63879937,313,,
2017-09-25_8071,2017-09-25,8071,能率豐,tpex,21.20,21.20,20.30,20.35,907000,18662550,-0.85,,51854283,504,,
2017-09-25_8072,2017-09-25,8072,陞泰,twse,22.50,22.50,22.05,22.20,62554,1390493,-0.4,,80000000,57,,
2017-09-25_8074,2017-09-25,8074,鉅橡,tpex,26.80,26.80,26.40,26.45,130000,3443750,-0.35,,81177592,83,,
2017-09-25_8076,2017-09-25,8076,伍豐,tpex,49.20,49.40,46.70,48.60,2127000,102194000,-0.10,,254765380,1351,,
2017-09-25_8077,2017-09-25,8077,洛碁,tpex,22.70,22.70,22.70,22.70,3000,68100,-0.90,down,109728343,3,,
2017-09-25_8080,2017-09-25,8080,奧斯特,tpex,11.70,11.70,11.25,11.45,112000,1271700,-0.20,,63991604,64,,
2017-09-25_8081,2017-09-25,8081,致新,twse,67.50,67.50,66.20,66.30,262020,17427430,-1.2,,86172072,196,,
2017-09-25_8083,2017-09-25,8083,瑞穎,tpex,139.00,139.00,137.00,137.00,36000,4944500,-1.50,,35133193,25,,
2017-09-25_8084,2017-09-25,8084,巨虹,tpex,29.50,29.50,29.50,29.50,2000,59000,0.00,flat,53936544,2,,
2017-09-25_8085,2017-09-25,8085,福華,tpex,6.10,6.10,5.95,5.96,228000,1367590,-0.09,,157257242,73,,
2017-09-25_8086,2017-09-25,8086,宏捷科,tpex,54.60,54.80,51.80,52.00,3670000,193209700,-2.60,,143097123,2265,,
2017-09-25_8087,2017-09-25,8087,華鎂鑫,tpex,9.69,9.75,9.20,9.75,29000,274050,0.06,,29868965,19,,
2017-09-25_8088,2017-09-25,8088,品安,tpex,21.60,21.60,20.35,20.40,400000,8272850,-0.75,,60921749,230,,
2017-09-25_8091,2017-09-25,8091,翔名,tpex,71.30,74.70,70.20,73.50,2483000,179487500,3.50,,60680163,1599,,
2017-09-25_8092,2017-09-25,8092,建暐,tpex,8.10,8.10,7.99,7.99,34000,272550,-0.08,,38850616,18,,
2017-09-25_8093,2017-09-25,8093,保銳,tpex,7.32,7.32,7.00,7.15,40000,288770,-0.01,,64208493,10,,
2017-09-25_8096,2017-09-25,8096,擎亞,tpex,17.20,17.30,16.30,16.45,2778000,46155500,-0.60,,139623950,1193,,
2017-09-25_8097,2017-09-25,8097,常珵,tpex,11.00,11.15,10.75,10.75,31000,340200,-0.05,,26674306,13,,
2017-09-25_8099,2017-09-25,8099,大世科,tpex,22.95,22.95,22.20,22.25,315000,7049950,-0.50,,67200000,198,,
2017-09-25_8101,2017-09-25,8101,華冠,twse,4.29,4.29,4.21,4.21,369998,1566410,-0.04,,416177591,119,,
2017-09-25_8103,2017-09-25,8103,瀚荃,twse,32.00,32.00,31.05,31.20,224103,7020438,-0.6,,81399413,149,,
2017-09-25_8105,2017-09-25,8105,凌巨,twse,22.35,22.40,21.35,21.35,8904901,194373718,-1.0,,441544851,2763,,
2017-09-25_8109,2017-09-25,8109,博大,tpex,64.90,64.90,64.00,64.10,51000,3276500,-0.80,,66008549,38,,
2017-09-25_8110,2017-09-25,8110,華東,twse,15.20,15.25,14.50,14.70,4431254,65692064,-0.3,,482855744,1312,,
2017-09-25_8111,2017-09-25,8111,立碁,tpex,9.16,9.16,8.80,8.80,495000,4446150,-0.36,,117102223,175,,
2017-09-25_8112,2017-09-25,8112,至上,twse,30.75,30.75,29.70,29.75,8811665,263832360,-0.95,,356331220,3676,,
2017-09-25_8114,2017-09-25,8114,振樺電,twse,149.00,149.00,148.00,148.50,368218,54720806,-0.5,,72969656,293,,
2017-09-25_8121,2017-09-25,8121,越峰,tpex,18.85,20.55,18.15,20.00,7087000,138263400,1.25,,182422743,3054,,
2017-09-25_8131,2017-09-25,8131,福懋科,twse,33.50,35.40,33.40,34.85,6255162,216774136,2.05,,442222223,2674,,
2017-09-25_8147,2017-09-25,8147,正淩,tpex,30.40,30.40,29.00,29.10,26000,760650,-0.85,,24887730,14,,
2017-09-25_8150,2017-09-25,8150,南茂,twse,29.00,29.95,28.70,29.95,22945747,678253805,1.1,,886413061,6902,,
2017-09-25_8155,2017-09-25,8155,博智,tpex,72.80,72.80,65.70,66.50,1303000,89020500,-6.30,,49756000,932,,
2017-09-25_8163,2017-09-25,8163,達方,twse,26.35,26.50,25.60,25.70,1013649,26173174,-0.85,,280000001,593,,
2017-09-25_8171,2017-09-25,8171,天宇,tpex,9.00,9.00,8.63,8.63,212000,1884660,-0.11,,51493230,62,,
2017-09-25_8176,2017-09-25,8176,智捷,tpex,11.90,11.90,11.30,11.30,538000,6183900,-0.55,,72500000,222,,
2017-09-25_8182,2017-09-25,8182,加高,tpex,20.30,20.30,19.55,19.65,619000,12309850,-0.65,,107041215,249,,
2017-09-25_8183,2017-09-25,8183,精星,tpex,22.60,22.60,20.95,21.50,2669000,57782750,-1.05,,121251068,1059,,
2017-09-25_8201,2017-09-25,8201,無敵,twse,15.10,15.30,15.10,15.30,3602330,55046389,1.35,,62366275,1017,,
2017-09-25_8210,2017-09-25,8210,勤誠,twse,51.10,51.20,50.30,50.30,232306,11744152,-0.9,,119725950,132,,
2017-09-25_8213,2017-09-25,8213,志超,twse,32.30,32.35,31.30,31.30,1287645,40702606,-1.0,,271242938,734,,
2017-09-25_8215,2017-09-25,8215,明基材,twse,20.60,20.60,19.40,19.60,4701282,92643026,-0.55,,320674514,1828,,
2017-09-25_8222,2017-09-25,8222,寶一,twse,20.35,20.35,19.85,19.95,292456,5854123,-0.6,,68460500,162,,
2017-09-25_8234,2017-09-25,8234,新漢,tpex,31.60,31.60,30.60,31.00,399000,12397350,-0.70,,141226472,236,,
2017-09-25_8240,2017-09-25,8240,華宏,tpex,21.40,22.25,21.35,21.70,423000,9205850,0.30,,100004414,175,,
2017-09-25_8249,2017-09-25,8249,菱光,twse,24.45,24.70,24.15,24.40,749748,18295148,0.05,,127055000,463,,
2017-09-25_8255,2017-09-25,8255,朋程,tpex,103.00,103.00,102.00,102.50,209000,21433500,-0.50,,74865000,110,,
2017-09-25_8261,2017-09-25,8261,富鼎,twse,24.10,24.20,23.50,23.70,298485,7084067,-0.4,,81282569,180,,
2017-09-25_8271,2017-09-25,8271,宇瞻,twse,39.80,39.95,38.65,38.90,665837,25976648,-0.85,,100897807,448,,
2017-09-25_8277,2017-09-25,8277,商丞,tpex,9.32,9.32,9.20,9.20,143000,1323870,-0.12,,91628833,68,,
2017-09-25_8279,2017-09-25,8279,生展,tpex,129.00,135.00,126.50,134.50,219000,28562500,5.00,,21000774,197,,
2017-09-25_8287,2017-09-25,8287,英格爾,tpex,15.40,15.40,15.00,15.25,497000,7515550,-0.15,,145621349,229,,
2017-09-25_8289,2017-09-25,8289,泰藝,tpex,11.05,11.30,10.90,11.30,251000,2800050,0.25,,76946405,90,,
2017-09-25_8291,2017-09-25,8291,尚茂,tpex,5.50,5.50,5.21,5.30,49000,261610,-0.15,,76024000,8,,
2017-09-25_8299,2017-09-25,8299,群聯,tpex,355.50,355.50,332.50,350.50,3083000,1066725500,-5.00,,197073993,2486,,
2017-09-25_8341,2017-09-25,8341,日友,twse,176.50,180.00,174.50,180.00,260221,46147222,3.5,,111500000,220,,
2017-09-25_8349,2017-09-25,8349,恒耀,tpex,128.00,128.00,123.50,125.00,1184000,148025000,-3.00,,97353014,911,,
2017-09-25_8354,2017-09-25,8354,冠好,tpex,17.50,17.65,17.50,17.65,13000,228400,-0.05,,63743720,10,,
2017-09-25_8358,2017-09-25,8358,金居,tpex,52.40,52.40,49.85,50.10,10586000,535524500,-1.90,,252588000,5614,,
2017-09-25_8374,2017-09-25,8374,羅昇,twse,28.60,28.60,26.00,27.00,1983856,53214937,-1.0,,87608487,1032,,
2017-09-25_8383,2017-09-25,8383,千附,tpex,45.90,45.90,44.65,44.90,860000,38678950,-1.00,,118192482,550,,
2017-09-25_8390,2017-09-25,8390,金益鼎,tpex,18.35,18.35,17.75,18.00,320000,5778400,-0.25,,95619487,151,,
2017-09-25_8401,2017-09-25,8401,白紗科,tpex,15.60,15.60,14.15,14.15,2045000,30105400,-1.55,,60111680,969,,
2017-09-25_8403,2017-09-25,8403,盛弘,tpex,36.95,36.95,36.15,36.15,410000,14916350,-0.80,,79288868,250,,
2017-09-25_8404,2017-09-25,8404,百和興業-KY,twse,60.30,61.40,57.80,59.40,1945956,114846576,-1.1,,265301453,1042,,
2017-09-25_8406,2017-09-25,8406,金可-KY,tpex,215.50,215.50,210.50,212.00,163000,34592000,-2.00,,92697472,144,,
2017-09-25_8409,2017-09-25,8409,商之器,tpex,16.60,16.60,15.80,15.80,47000,761050,-0.80,,28000000,34,,
2017-09-25_8410,2017-09-25,8410,森田,tpex,32.05,32.05,31.25,31.45,81000,2549600,-0.60,,36589200,42,,
2017-09-25_8411,2017-09-25,8411,福貞-KY,twse,27.30,27.80,27.10,27.80,118089,3225903,0.15,,175398185,76,,
2017-09-25_8415,2017-09-25,8415,大國鋼,tpex,19.15,19.30,18.60,18.60,570000,10752750,-0.50,,611500000,119,,
2017-09-25_8416,2017-09-25,8416,實威,tpex,94.90,95.00,92.10,92.10,96000,8961200,-3.00,,25646100,71,,
2017-09-25_8418,2017-09-25,8418,捷必勝-KY,tpex,15.75,15.90,15.35,15.70,18000,282650,0.05,,67995000,15,,
2017-09-25_8420,2017-09-25,8420,明揚,tpex,18.35,18.35,18.20,18.20,23000,419900,-0.25,,50990000,8,,
2017-09-25_8421,2017-09-25,8421,旭源,tpex,16.40,16.45,16.40,16.45,33000,542050,0.05,,53480137,20,,
2017-09-25_8422,2017-09-25,8422,可寧衛*,twse,169.50,170.00,168.50,169.50,292450,49506000,0.5,,108888000,286,,
2017-09-25_8423,2017-09-25,8423,保綠-KY,tpex,19.00,19.00,19.00,19.00,2000,38000,-1.00,down,20022000,2,,
2017-09-25_8424,2017-09-25,8424,惠普,tpex,40.50,40.50,40.00,40.35,35000,1403850,-0.15,,36054368,25,,
2017-09-25_8426,2017-09-25,8426,紅木-KY,tpex,40.30,40.60,40.25,40.60,28000,1130450,0.15,,50692500,23,,
2017-09-25_8427,2017-09-25,8427,基勝-KY,twse,49.25,49.30,49.20,49.30,23000,1132600,-0.65,,104261000,19,,
2017-09-25_8429,2017-09-25,8429,金麗-KY,twse,29.40,29.50,28.00,28.05,1297278,36970327,-1.35,,179589216,762,,
2017-09-25_8431,2017-09-25,8431,匯鑽科,tpex,52.40,53.50,51.20,51.80,638000,33153900,0.10,,44183597,370,,
2017-09-25_8432,2017-09-25,8432,東生華,tpex,78.00,78.00,76.00,77.80,35000,2704300,0.20,,38398140,31,,
2017-09-25_8433,2017-09-25,8433,弘帆,tpex,83.20,83.20,80.10,81.00,63000,5106900,-2.10,,52577600,56,,
2017-09-25_8435,2017-09-25,8435,鉅邁,tpex,50.50,50.60,49.80,50.60,42000,2111600,0.10,,31700450,34,,
2017-09-25_8436,2017-09-25,8436,大江,tpex,191.50,200.00,190.00,200.00,1080000,211230500,8.50,,87011707,928,,
2017-09-25_8437,2017-09-25,8437,大地-KY,tpex,169.00,169.50,168.50,169.50,14000,2366500,-0.50,,33782684,13,,
2017-09-25_8442,2017-09-25,8442,威宏-KY,twse,55.80,56.30,55.50,56.30,59000,3290700,0.5,,49999682,39,,
2017-09-25_8443,2017-09-25,8443,阿瘦,twse,14.80,14.80,14.40,14.40,49011,714558,-0.4,,66800000,28,,
2017-09-25_8444,2017-09-25,8444,綠河-KY,tpex,153.00,153.50,151.00,151.00,33000,5013500,-3.00,,74770300,26,,
2017-09-25_8446,2017-09-25,8446,華研,tpex,99.90,99.90,97.60,99.30,112000,11051300,-1.20,,47054700,84,,
2017-09-25_8450,2017-09-25,8450,霹靂,tpex,62.30,62.30,60.00,60.00,83000,5035400,-2.30,,47957406,73,,
2017-09-25_8454,2017-09-25,8454,富邦媒,twse,219.00,219.00,216.00,216.50,59291,12848000,-4.5,,142058500,54,,
2017-09-25_8455,2017-09-25,8455,大拓-KY,tpex,24.00,24.00,23.75,23.90,16000,382900,-0.90,,25219056,13,,
2017-09-25_8462,2017-09-25,8462,柏文,tpex,108.00,109.00,103.50,108.50,145000,15424500,0.00,,47603375,114,,
2017-09-25_8463,2017-09-25,8463,潤泰材,twse,17.00,17.00,16.90,17.00,12000,203700,-0.1,,150000000,11,,
2017-09-25_8464,2017-09-25,8464,億豐,twse,310.50,314.50,309.50,313.00,329985,103009826,2.5,,293020200,289,,
2017-09-25_8466,2017-09-25,8466,美吉吉-KY,twse,94.30,94.30,90.00,90.30,282085,25928890,-4.0,,66059000,199,,
2017-09-25_8467,2017-09-25,8467,波力-KY,twse,35.30,35.50,33.95,34.00,14082,492512,-1.15,,50860000,14,,
2017-09-25_8472,2017-09-25,8472,夠麻吉,tpex,38.30,38.30,37.95,38.05,38000,1447350,-0.25,,20311800,29,,
2017-09-25_8473,2017-09-25,8473,山林水,twse,57.50,57.70,57.10,57.20,174537,10000780,-0.3,,132212297,113,,
2017-09-25_8476,2017-09-25,8476,台境,tpex,41.60,42.30,41.60,42.00,33000,1386050,-0.40,,34141140,27,,
2017-09-25_8477,2017-09-25,8477,創業家,tpex,42.10,42.10,41.65,41.65,6000,251800,-0.45,,20602368,6,,
2017-09-25_8480,2017-09-25,8480,泰昇-KY,twse,124.00,124.00,124.00,124.00,16000,1984000,0.0,flat,35700000,9,,
2017-09-25_8481,2017-09-25,8481,政伸,twse,44.50,44.60,43.80,44.60,68000,3017000,0.1,,66601866,47,,
2017-09-25_8488,2017-09-25,8488,吉源-KY,twse,34.30,34.30,34.30,34.30,7000,240100,-0.35,down,67500000,5,,
2017-09-25_8489,2017-09-25,8489,三貝德,tpex,174.50,175.50,160.00,165.50,220000,37071000,-4.50,,30017431,190,,
2017-09-25_8905,2017-09-25,8905,裕國,tpex,17.30,17.40,17.00,17.05,404000,6909550,-0.25,,119440000,182,,
2017-09-25_8906,2017-09-25,8906,花王,tpex,6.03,6.07,6.03,6.07,6000,36260,0.00,,51321600,4,,
2017-09-25_8908,2017-09-25,8908,欣雄,tpex,,,,,0,0,,,153402098,0,無成交,
2017-09-25_8913,2017-09-25,8913,全銓,tpex,120.00,120.00,115.00,115.50,113000,13217000,2.00,,8743873,97,,
2017-09-25_8916,2017-09-25,8916,光隆,tpex,44.70,44.70,43.80,44.15,192000,8450600,-0.55,,108862250,135,,
2017-09-25_8917,2017-09-25,8917,欣泰,tpex,48.00,48.00,47.50,47.50,12000,575000,-0.50,,122203200,3,,
2017-09-25_8921,2017-09-25,8921,沈氏,tpex,,,,,0,0,,,46592159,0,無成交,
2017-09-25_8923,2017-09-25,8923,時報,tpex,15.15,15.15,15.05,15.05,7000,105450,-0.10,,30375800,6,,
2017-09-25_8924,2017-09-25,8924,大田,tpex,33.40,34.90,31.70,34.80,7099000,238364500,1.60,,121263282,3105,,
2017-09-25_8926,2017-09-25,8926,台汽電,twse,23.20,23.25,23.05,23.15,548911,12686875,-0.05,,589048595,231,,
2017-09-25_8927,2017-09-25,8927,北基,tpex,11.40,11.40,11.30,11.30,20000,227000,0.00,,191833166,6,,
2017-09-25_8928,2017-09-25,8928,鉅明,tpex,25.50,27.55,25.50,27.55,3286000,89861600,2.50,,50854015,1492,,
2017-09-25_8929,2017-09-25,8929,富堡,tpex,42.40,43.05,40.80,41.00,222000,9165500,-1.40,,42702289,165,,
2017-09-25_8930,2017-09-25,8930,青鋼,tpex,14.25,14.30,14.05,14.10,128000,1810250,-0.15,,67423226,56,,
2017-09-25_8931,2017-09-25,8931,大汽電,tpex,21.85,21.85,21.70,21.70,26000,565450,-0.35,,116433202,17,,
2017-09-25_8932,2017-09-25,8932,宏大,tpex,7.70,7.70,7.61,7.61,2000,15310,0.01,,48800000,2,,
2017-09-25_8933,2017-09-25,8933,愛地雅,tpex,11.20,11.20,10.80,10.90,577000,6297700,-0.25,,148376732,242,,
2017-09-25_8934,2017-09-25,8934,衡平,tpex,36.75,37.90,36.75,37.90,7000,259650,-1.60,,8510511,7,,
2017-09-25_8935,2017-09-25,8935,邦泰,tpex,7.65,7.65,7.30,7.48,194000,1447830,-0.27,,120306391,93,,
2017-09-25_8936,2017-09-25,8936,國統,tpex,18.25,18.25,17.90,17.90,881000,15876250,-0.45,,225836608,450,,
2017-09-25_8937,2017-09-25,8937,合騏,tpex,12.55,12.55,12.20,12.25,154000,1904700,-0.30,,72478800,68,,
2017-09-25_8938,2017-09-25,8938,明安,tpex,44.10,44.10,41.40,41.50,764000,32013600,-1.90,,133375722,434,,
2017-09-25_8940,2017-09-25,8940,新天地,twse,14.40,14.40,14.00,14.05,20081,285729,0.0,,67491032,17,,
2017-09-25_8941,2017-09-25,8941,關中,tpex,68.50,68.90,68.50,68.90,12000,824300,-0.60,,23632403,10,,
2017-09-25_8942,2017-09-25,8942,森鉅,tpex,73.00,73.00,70.20,70.50,1020000,72600100,-2.00,,165840080,723,,
2017-09-25_8996,2017-09-25,8996,高力,twse,47.90,48.40,46.40,47.45,1963675,93373259,0.45,,89384080,1314,,
2017-09-25_9103,2017-09-25,9103,美德醫療-DR,twse,1.60,1.60,1.51,1.60,3616030,5697828,0.14,,205531500,406,,
2017-09-25_910322,2017-09-25,910322,康師傅-DR,twse,22.95,22.95,22.95,22.95,1000,22950,-0.15,down,23485000,1,,
2017-09-25_910482,2017-09-25,910482,聖馬丁-DR,twse,0.54,0.54,0.50,0.54,715391,374405,0.0,,228142052,31,,
2017-09-25_9105,2017-09-25,9105,泰金寶-DR,twse,2.94,3.01,2.93,2.99,8060772,23955726,0.05,,839284153,763,,
2017-09-25_910708,2017-09-25,910708,恒大健-DR,twse,522.00,522.00,522.00,522.00,2000,1044000,47.0,up,461000,2,,
2017-09-25_910801,2017-09-25,910801,金衛-DR,twse,4.19,4.19,4.12,4.17,123600,513369,-0.02,,66746518,45,,
2017-09-25_910861,2017-09-25,910861,神州-DR,twse,8.67,8.67,8.52,8.52,112000,959790,-0.13,,25647000,21,,
2017-09-25_9110,2017-09-25,9110,越南控-DR,twse,3.76,3.76,3.57,3.64,7000,25260,-0.04,,52560500,5,,
2017-09-25_911608,2017-09-25,911608,明輝-DR,twse,1.85,1.87,1.80,1.87,16000,29650,0.0,,10925000,4,,
2017-09-25_911616,2017-09-25,911616,杜康-DR,twse,0.83,0.85,0.82,0.82,51000,42090,-0.03,,130000000,9,,
2017-09-25_911619,2017-09-25,911619,耀傑-DR,twse,0.85,0.85,0.85,0.85,5000,4250,0.0,flat,41279814,1,,
2017-09-25_911622,2017-09-25,911622,泰聚亨-DR,twse,,,,,0,0,0.0,,30000000,0,無成交,
2017-09-25_911868,2017-09-25,911868,同方友友-DR,twse,1.68,1.68,1.60,1.65,22000,35330,-0.01,,80161000,3,,
2017-09-25_912000,2017-09-25,912000,晨訊科-DR,twse,3.15,3.24,3.05,3.08,127000,397050,0.06,,34824516,36,,
2017-09-25_912398,2017-09-25,912398,友佳-DR,twse,7.84,7.84,7.64,7.64,46000,356690,0.0,,39928000,18,,
2017-09-25_9136,2017-09-25,9136,巨騰-DR,twse,12.60,12.60,12.45,12.50,879000,11020750,-0.1,,155256000,194,,
2017-09-25_9157,2017-09-25,9157,陽光能源-DR,twse,1.12,1.16,1.09,1.12,486000,545480,0.01,,117295816,27,,
2017-09-25_9188,2017-09-25,9188,精熙-DR,twse,5.15,5.15,5.13,5.15,69000,355290,-0.02,,49337000,9,,
2017-09-25_9802,2017-09-25,9802,鈺齊-KY,twse,73.40,73.40,70.30,71.30,460049,32734213,-1.3,,138836477,317,,
2017-09-25_9902,2017-09-25,9902,台火,twse,10.45,10.45,10.20,10.20,163340,1674667,-0.15,,98049600,72,,
2017-09-25_9904,2017-09-25,9904,寶成,twse,38.45,38.50,37.95,38.15,3519612,134008185,-0.25,,2946787213,1883,,
2017-09-25_9905,2017-09-25,9905,大華,twse,24.95,25.00,24.85,24.95,92603,2307651,0.0,,305000000,67,,
2017-09-25_9906,2017-09-25,9906,欣巴巴,twse,18.70,18.70,18.30,18.50,273719,5056307,-0.1,,70000000,52,,
2017-09-25_9907,2017-09-25,9907,統一實,twse,13.85,13.85,13.70,13.75,1108603,15257806,-0.15,,1579145342,491,,
2017-09-25_9908,2017-09-25,9908,大台北,twse,25.10,25.25,25.00,25.20,93158,2342930,-0.05,,516358000,41,,
2017-09-25_9910,2017-09-25,9910,豐泰,twse,142.50,144.00,141.00,143.00,678710,96813820,0.0,,667940226,469,,
2017-09-25_9911,2017-09-25,9911,櫻花,twse,39.60,39.80,38.50,39.05,435081,16877189,-0.55,,221121188,312,,
2017-09-25_9912,2017-09-25,9912,偉聯,twse,7.95,7.95,7.70,7.78,58133,452194,-0.02,,53162569,25,,
2017-09-25_9914,2017-09-25,9914,美利達,twse,133.50,133.50,130.00,132.00,518507,68264917,-1.5,,298983800,440,,
2017-09-25_9917,2017-09-25,9917,中保科,twse,89.70,89.70,89.10,89.40,114763,10251334,-0.3,,451197093,116,,
2017-09-25_9918,2017-09-25,9918,欣天然,twse,31.95,31.95,31.95,31.95,10002,319562,0.0,flat,180537453,8,,
2017-09-25_9919,2017-09-25,9919,康那香,twse,11.20,11.20,11.05,11.15,278254,3098180,-0.05,,197126750,69,,
2017-09-25_9921,2017-09-25,9921,巨大,twse,145.50,147.00,144.00,145.00,214475,31091875,-2.5,,375064626,212,,
2017-09-25_9924,2017-09-25,9924,福興,twse,38.30,38.45,38.05,38.25,160643,6138283,-0.05,,188452170,121,,
2017-09-25_9925,2017-09-25,9925,新保,twse,38.90,38.90,38.75,38.85,87589,3397626,-0.05,,383653075,84,,
2017-09-25_9926,2017-09-25,9926,新海,twse,40.00,40.20,40.00,40.20,11125,446624,0.15,,179504075,10,,
2017-09-25_9927,2017-09-25,9927,泰銘,twse,37.70,37.70,37.15,37.25,342855,12786945,-0.45,,209148167,197,,
2017-09-25_9928,2017-09-25,9928,中視,twse,5.80,5.82,5.70,5.77,65466,376675,-0.03,,150724583,30,,
2017-09-25_9929,2017-09-25,9929,秋雨,twse,10.95,10.95,10.95,10.95,4656,50819,0.1,up,168800000,5,,
2017-09-25_9930,2017-09-25,9930,中聯資源,twse,53.10,53.20,53.00,53.20,76100,4037249,-0.2,,225945789,50,,
2017-09-25_9931,2017-09-25,9931,欣高,twse,30.90,30.90,30.45,30.50,12036,367857,0.0,,102250512,12,,
2017-09-25_9933,2017-09-25,9933,中鼎,twse,48.40,48.45,48.05,48.25,1028036,49542245,-0.15,,763273848,747,,
2017-09-25_9934,2017-09-25,9934,成霖,twse,19.30,19.35,18.60,18.65,1174009,22034562,-0.6,,351769224,655,,
2017-09-25_9935,2017-09-25,9935,慶豐富,twse,29.85,30.20,28.25,28.25,1504468,44148921,-1.0,,153623342,643,,
2017-09-25_9937,2017-09-25,9937,全國,twse,38.30,38.55,38.30,38.55,3000,115250,-0.1,,309043000,3,,
2017-09-25_9938,2017-09-25,9938,百和,twse,135.50,136.00,132.00,135.00,598517,80234278,0.0,,297963902,524,,
2017-09-25_9939,2017-09-25,9939,宏全,twse,55.90,56.40,54.90,55.60,1999727,111605601,0.2,,292878879,1221,,
2017-09-25_9940,2017-09-25,9940,信義,twse,32.80,32.80,32.40,32.55,252135,8204986,-0.25,,651500000,206,,
2017-09-25_9941,2017-09-25,9941,裕融,twse,104.50,106.00,103.50,106.00,622889,65320677,2.0,,274629205,528,,
2017-09-25_9942,2017-09-25,9942,茂順,twse,81.60,81.60,81.00,81.50,32075,2606450,0.0,,83161320,21,,
2017-09-25_9943,2017-09-25,9943,好樂迪,twse,50.10,50.30,50.00,50.10,109020,5457806,0.0,,147317600,91,,
2017-09-25_9944,2017-09-25,9944,新麗,twse,19.50,19.50,19.00,19.30,50000,959550,-0.1,,109107100,26,,
2017-09-25_9945,2017-09-25,9945,潤泰新,twse,28.75,28.85,28.10,28.20,4244323,119951134,-0.65,,1672089998,2320,,
2017-09-25_9946,2017-09-25,9946,三發地產,twse,10.90,10.90,10.55,10.80,215000,2303850,-0.1,,261526510,90,,
2017-09-25_9949,2017-09-25,9949,琉園,tpex,10.90,11.00,10.90,11.00,4000,43700,0.05,,47033360,4,,
2017-09-25_9950,2017-09-25,9950,萬國通,tpex,14.30,14.30,14.10,14.20,20000,284300,-0.20,,99716309,14,,
2017-09-25_9951,2017-09-25,9951,皇田,tpex,175.00,175.00,172.50,172.50,130000,22496000,-3.00,,74900000,112,,
2017-09-25_9955,2017-09-25,9955,佳龍,twse,14.40,14.50,14.20,14.45,116599,1677993,0.05,,103208229,65,,
2017-09-25_9958,2017-09-25,9958,世紀鋼,twse,12.45,13.55,12.45,13.15,3121217,41022721,0.7,,185558102,1026,,
2017-09-25_9960,2017-09-25,9960,邁達康,tpex,32.35,32.35,31.20,32.00,39000,1238550,0.20,,33592500,30,,
2017-09-25_9962,2017-09-25,9962,有益,tpex,10.25,10.40,10.25,10.35,46000,474600,0.05,,90220260,18,,
